# Created by Octave 6.4.0, Sat Jul 15 12:41:43 2023 GMT <unknown@tumajer>
# name: gE
# type: matrix
# rows: 12
# columns: 1
 0.18495271808519784
 0.30963397606275539
 0.50433523405279035
 0.72774489621778538
 0.91082450017126615
 0.99331899159062287
 0.94053869802389589
 0.77223851675347044
 0.55200561419840855
 0.34232660366009021
 0.19818548769099686
 0.14900410309258622


