# Created by Octave 6.4.0, Sat Jul 15 13:44:37 2023 GMT <unknown@tumajer>
# name: gE
# type: matrix
# rows: 12
# columns: 1
 0.18472970184250165
 0.30940623084100599
 0.50413547982814311
 0.72761327707261336
 0.91077517324272006
 0.99331501673907319
 0.94050507181322829
 0.77212475019387983
 0.55181732033066411
 0.34210129635637027
 0.19796077161283968
 0.14878745701637167


