# Created by Octave 6.4.0, Sat Jul 15 14:47:04 2023 GMT <unknown@tumajer>
# name: gE
# type: matrix
# rows: 12
# columns: 1
 0.18465248450942914
 0.30932736670626143
 0.50406630153199561
 0.72756769125620913
 0.91075808780425538
 0.99331363989695187
 0.9404934244949007
 0.7720853469154807
 0.55175210968815391
 0.34202327483237466
 0.19788296437620295
 0.14871244953125534


