# Created by Octave 6.4.0, Sun Jul 23 10:39:07 2023 GMT <unknown@tumajer>
# name: gE
# type: matrix
# rows: 12
# columns: 1
 0.18452795126688376
 0.3092001673251728
 0.50395471683153303
 0.72749415707428577
 0.91073052605566118
 0.99331141874111428
 0.94047463519519314
 0.77202178505004593
 0.55164692344866384
 0.34189743275943391
 0.19775747829310616
 0.14859148484594395


