# Created by Octave 6.4.0, Sun Jul 23 11:41:25 2023 GMT <unknown@tumajer>
# name: gE
# type: matrix
# rows: 12
# columns: 1
 0.18440240292404028
 0.3090719183058323
 0.50384220191781393
 0.72742000464463907
 0.91070273090240694
 0.99330917868440716
 0.94045568656259715
 0.77195768791097408
 0.55154085862192448
 0.34177055008190527
 0.19763096750911593
 0.14846953989835313


