# Created by Octave 6.4.0, Sun Jul 23 12:42:49 2023 GMT <unknown@tumajer>
# name: gE
# type: matrix
# rows: 12
# columns: 1
 0.18746400093034946
 0.31219573628915442
 0.50658009861936015
 0.72922291550648566
 0.9113780557964053
 0.99336357845538181
 0.94091601059407837
 0.77351587217545426
 0.55412131435684508
 0.34486047170130768
 0.20071551462494899
 0.15144489874441447


