# Created by Octave 6.4.0, Sun Jul 23 13:44:53 2023 GMT <unknown@tumajer>
# name: gE
# type: matrix
# rows: 12
# columns: 1
 0.18744906920094251
 0.3121805193729677
 0.50656677509431869
 0.72921414941539708
 0.9113747746238714
 0.99336331427465041
 0.94091377434512302
 0.77350829723010006
 0.55410875944246785
 0.34484542299949406
 0.20070047358414331
 0.15143037942110027


