# Created by Octave 6.4.0, Sun Jul 23 14:46:40 2023 GMT <unknown@tumajer>
# name: gE
# type: matrix
# rows: 12
# columns: 1
 0.18749511459522475
 0.3122274436353174
 0.50660786030275817
 0.72924118081749489
 0.91138489247920218
 0.99336412890087966
 0.9409206700544005
 0.7735316555379349
 0.55414747444099988
 0.3448918284438946
 0.20074685598347186
 0.15147515332272526


