# Created by Octave 6.4.0, Sun Jul 23 15:47:20 2023 GMT <unknown@tumajer>
# name: gE
# type: matrix
# rows: 12
# columns: 1
 0.18744827986200327
 0.31217971495320213
 0.50656607076222582
 0.7292136860045304
 0.91137460116723645
 0.99336330030890696
 0.94091365612747768
 0.77350789678765697
 0.55410809574138686
 0.34484462747129341
 0.2006996784659473
 0.15142961188547954


