# Created by Octave 6.4.0, Sat Jul 15 12:41:43 2023 GMT <unknown@tumajer>
# name: obsmod_full
# type: matrix
# rows: 77
# columns: 3
 1940 -1.7451942906103799 -1.7415324117352093
 1941 0.84494188739535903 -0.85885128844070546
 1942 -1.18286502327023 0.10647405795562111
 1943 -0.21187602789385199 -0.40218306872891763
 1944 1.0553861308144901 1.1901439554082422
 1945 0.077257187870104202 0.16160770924529691
 1946 -0.18014458461111801 -0.19015660509049126
 1947 -0.020693846193102099 0.39481554804800534
 1948 0.40396428768689302 0.79134041413569278
 1949 0.100375240882476 1.2589619823374247
 1950 0.44787983234872902 -0.93002657091931129
 1951 -0.0088303791757497491 0.11479581397775079
 1952 1.6081453726891699 -1.561978824747833
 1953 0.073841532004368493 0.15336666651417225
 1954 3.1349544899067099 0.54495279181178724
 1955 0.98766492660972105 1.6056767874278883
 1956 -0.96167519800492696 -1.4761309449284095
 1957 0.77984091981366299 -0.77887104505313265
 1958 -2.7464174449174301 -3.4851307392301534
 1959 -1.6412254370036801 -1.7426350656784884
 1960 -0.59290108492967897 0.47041793098252832
 1961 0.20147312637211101 0.56796921737001482
 1962 0.61959292544525701 0.3229244941677295
 1963 0.34601182292830301 -0.09923497713385275
 1964 -0.0207733291058473 -0.61066339334156849
 1965 -1.08812561294296 -1.2442635242304587
 1966 0.54258103459229501 -0.12893254736299695
 1967 1.4648962699683601 1.259569257363558
 1968 -0.068054315671634794 -0.36605604351408483
 1969 0.18188879545174899 -0.3320841626835252
 1970 1.75628123723923 0.36862827339202731
 1971 -1.25002678113842 -0.29092800660893425
 1972 -0.011143393189063299 -0.29146574981895018
 1973 -0.14409796051511201 1.4943945945126091
 1974 -0.54081212091445297 0.87711737525666145
 1975 0.28756237683103703 1.3101140122093435
 1976 -1.09545756821226 1.1112106162198563
 1977 0.56224658977136599 -0.21678612825798424
 1978 0.13567104017203199 -1.8282271854552057
 1979 0.049893016947694997 0.71322147665283642
 1980 0.20760069539509701 -0.056528432295426027
 1981 -1.37430864125591 0.67552847576588471
 1982 0.047852567303699099 -0.42618070960041876
 1983 -0.227050761677554 0.82805541840389141
 1984 -0.14328275401144 0.16039799633486551
 1985 1.2685657891084801 0.54932569086609151
 1986 -0.761338250699923 -1.9832851078256619
 1987 -0.447814354969791 -0.15238061481848988
 1988 -0.81882487975463503 -2.8813133405803142
 1989 0.99106436036679901 0.60977873069003208
 1990 1.66932536275025 0.670934384069375
 1991 -1.1486121529215401 0.38372858908571994
 1992 -0.87370589868389603 -1.5629084773416735
 1993 -0.12036003749502899 0.57797956224939973
 1994 -1.15537314744326 -0.059684118891599768
 1995 1.0803616688866899 0.77186574931589813
 1996 0.370460400197131 0.72137131378819974
 1997 -0.67004928615053305 -0.61774426957746431
 1998 -1.5477857687793699 0.72713137330056599
 1999 -0.069819272150085696 1.6670774595881226
 2000 -0.18050804283111199 -0.28027302427216627
 2001 1.0625550189025099 0.75714921361916077
 2002 -0.0111214687263656 -0.25864067957210712
 2003 0.76816542881852101 1.0112273463611954
 2004 -0.42688236313157302 -0.68021678358271143
 2005 1.0125622176681699 0.44876228164968451
 2006 2.1328402153005701 0.30374775759486894
 2007 0.85800106878805205 0.053860399968032019
 2008 0.14736652946427201 0.63998445229712708
 2009 -0.42612754942950798 0.14003292586817409
 2010 0.44505388605340301 0.06837295025933704
 2011 0.45777448255350001 0.027010430695165913
 2012 0.902326889041694 1.3765662213827625
 2013 -1.00275142865314 -0.81581865612381121
 2014 -0.362726638752565 1.0373432790324
 2015 -0.42024343849040202 -0.041309568975902072
 2016 -0.31298336601773502 -0.63251291075709215


