# Created by Octave 6.4.0, Wed Feb 08 17:47:01 2023 GMT <unknown@tumajer>
# name: obsmod_full
# type: matrix
# rows: 77
# columns: 3
 1940 -1.7451942906103799 -2.0322346370195294
 1941 0.84494188739535903 -0.58485808935068484
 1942 -1.18286502327023 0.18735255726851288
 1943 -0.21187602789385199 -0.37859322822342967
 1944 1.0553861308144901 1.2129291035206078
 1945 0.077257187870104202 -0.18457958280557368
 1946 -0.18014458461111801 -0.34146515303872027
 1947 -0.020693846193102099 0.47600386190673338
 1948 0.40396428768689302 0.62294958048859583
 1949 0.100375240882476 1.0435122706619293
 1950 0.44787983234872902 -1.2010409644212474
 1951 -0.0088303791757497491 5.2629894122687057e-05
 1952 1.6081453726891699 -1.4047072382091077
 1953 0.073841532004368493 0.02257375231898873
 1954 3.1349544899067099 0.42519702974164036
 1955 0.98766492660972105 1.5877961942524472
 1956 -0.96167519800492696 -1.4963990142805468
 1957 0.77984091981366299 -0.58178273516215961
 1958 -2.7464174449174301 -2.9374421288590855
 1959 -1.6412254370036801 -1.4335013422778324
 1960 -0.59290108492967897 0.092191374468184997
 1961 0.20147312637211101 0.39180446652463535
 1962 0.61959292544525701 -0.094382284399957314
 1963 0.34601182292830301 0.072325545777139663
 1964 -0.0207733291058473 -0.34939416392812445
 1965 -1.08812561294296 -1.049915310638563
 1966 0.54258103459229501 -0.029937868213326807
 1967 1.4648962699683601 1.4618980347476036
 1968 -0.068054315671634794 -0.53435932842219791
 1969 0.18188879545174899 -0.35687939261927026
 1970 1.75628123723923 0.76472361646971609
 1971 -1.25002678113842 -0.52012435210236618
 1972 -0.011143393189063299 -0.18555336055739433
 1973 -0.14409796051511201 1.9441989578294838
 1974 -0.54081212091445297 0.53552257545359072
 1975 0.28756237683103703 1.4965065442915946
 1976 -1.09545756821226 1.0251165846799966
 1977 0.56224658977136599 -0.31478894950821051
 1978 0.13567104017203199 -2.2094604889963918
 1979 0.049893016947694997 0.80730167335258429
 1980 0.20760069539509701 2.1095504536453
 1981 -1.37430864125591 0.49254337624744199
 1982 0.047852567303699099 -0.71151292376501851
 1983 -0.227050761677554 0.85921371763830678
 1984 -0.14328275401144 0.202839219747176
 1985 1.2685657891084801 0.25774668814971569
 1986 -0.761338250699923 -2.2210822115682798
 1987 -0.447814354969791 0.10283876700141711
 1988 -0.81882487975463503 -2.4176404062361199
 1989 0.99106436036679901 0.36711464392196264
 1990 1.66932536275025 0.59024850859549272
 1991 -1.1486121529215401 0.12770974143868002
 1992 -0.87370589868389603 -1.4722902437286458
 1993 -0.12036003749502899 0.71589518783676331
 1994 -1.15537314744326 -0.029368046724626558
 1995 1.0803616688866899 1.1578489428371932
 1996 0.370460400197131 0.37550279774214118
 1997 -0.67004928615053305 -0.63116310783823182
 1998 -1.5477857687793699 0.72461959922538177
 1999 -0.069819272150085696 1.305609683524533
 2000 -0.18050804283111199 -0.35647093038342442
 2001 1.0625550189025099 0.41001930103840323
 2002 -0.0111214687263656 -0.30540878430514096
 2003 0.76816542881852101 0.60161672375271613
 2004 -0.42688236313157302 -0.5075534424918241
 2005 1.0125622176681699 0.61946865504030435
 2006 2.1328402153005701 0.36689395115934964
 2007 0.85800106878805205 0.22973032931479104
 2008 0.14736652946427201 0.84871725465602788
 2009 -0.42612754942950798 0.010746291516071189
 2010 0.44505388605340301 0.41121800277596821
 2011 0.45777448255350001 -0.15413848710853012
 2012 0.902326889041694 0.94459568451715392
 2013 -1.00275142865314 -0.66805955278001383
 2014 -0.362726638752565 1.173838267736899
 2015 -0.42024343849040202 -0.30065368571686535
 2016 -0.31298336601773502 -1.17934070702688


