# Created by Octave 6.4.0, Wed Feb 08 18:46:30 2023 GMT <unknown@tumajer>
# name: obsmod_full
# type: matrix
# rows: 77
# columns: 3
 1940 -1.52988720333546 -1.7343484104807096
 1941 -0.038660977217472602 -0.51731598191389672
 1942 -0.20567882349979899 -0.015940408847177269
 1943 -1.1088660615344299 -0.27503056309947421
 1944 0.48996221297836501 1.349020608574139
 1945 0.219162469269126 -0.92960019284027229
 1946 0.214415494561048 -0.22449390238759617
 1947 -0.342687134350879 -0.00090234903208706683
 1948 -0.71259458469135295 0.58991114535510214
 1949 -0.68452852840124701 0.5668467146050854
 1950 -0.68092946271926802 -1.6387200201500332
 1951 0.75578248928277902 0.27389023031341858
 1952 0.46543658595457299 0.010282626365502118
 1953 0.74027644878810905 -0.14394287510684065
 1954 2.2774984703236001 0.73956334881157182
 1955 2.3048791565886 1.7778510298991712
 1956 -1.1381375544157399 -1.5622701031533934
 1957 0.20337263358810401 0.11474855639943519
 1958 -2.3910520723434399 -2.0724151532446533
 1959 0.92146511476624104 -0.86106042134809058
 1960 -0.34717092950492701 -0.25235168139667907
 1961 1.1620612448751499 0.38981350927648595
 1962 0.15289605828032801 -0.65491732867335428
 1963 0.26835641286894601 -0.052614623404349331
 1964 -0.21778461714547101 0.1992765079375162
 1965 -1.7694082471149799 -0.47552267305899504
 1966 0.76625273640527902 0.6170886438519575
 1967 0.88531284045798397 0.94480330107860133
 1968 -0.77396477656148099 -0.87609584174801558
 1969 0.72890246164474704 -0.13420257873521071
 1970 0.10303453892056701 0.69703203954741511
 1971 -1.73800155316125 -0.8197749662492374
 1972 0.58434696439849798 -0.061998874680778096
 1973 0.086812602145008105 2.2546700829787185
 1974 -0.17499930456811 -0.00081090883080609845
 1975 0.65219297323314296 1.6531837174225779
 1976 -1.6821155205796701 0.69754424762716738
 1977 0.17105863404706301 -0.17499872306698799
 1978 0.79449987752742701 -1.486242403316532
 1979 -0.91209350515654197 -0.084619684471858012
 1980 0.40965871662863401 0.44541375880956918
 1981 -1.25875399842978 -0.0099493473027725005
 1982 0.75450058674069798 -1.2744355667070097
 1983 0.74291586529826303 1.5718346406071384
 1984 0.33945421754942101 -0.026787321052331742
 1985 1.26890480000873 0.029361149670629194
 1986 -1.2011420074840899 -2.6799259021407624
 1987 0.99411642526191601 0.43696090348645678
 1988 -0.408306816004257 -2.0372031256209606
 1989 0.028334808490626799 0.52179009301370449
 1990 -0.31489373862074299 0.51482992849520781
 1991 -0.78808100344144105 -0.099198108581657243
 1992 -1.4119856758684299 -1.3486612238793487
 1993 0.41717628718697403 0.91782726356838351
 1994 -1.52550098182563 -0.04697520690913045
 1995 0.97776710172688097 1.735632542379556
 1996 -0.117403348111685 0.17990135305178132
 1997 -0.91028840460362603 -0.54391246377147906
 1998 -1.04070204229057 1.2198065398440474
 1999 -0.12592089562329101 1.4408790074835494
 2000 -0.80612060675877095 -0.70541027943057288
 2001 -0.17146077321705699 -0.76235473353436889
 2002 -0.25273568058391199 -0.39962684660467135
 2003 -0.2364756668046 0.47785482983955807
 2004 -0.63176871775937804 -1.1929233369756673
 2005 0.65519558805075795 0.9378051620759098
 2006 1.6813761300645 0.45498425222082395
 2007 0.74442948310903501 0.90014330517159991
 2008 0.83636908055702097 1.3477680659456766
 2009 -0.655883685532617 -0.058692587937561685
 2010 -0.43935595114050502 0.73752648199103343
 2011 0.458399303660042 -0.15227529304374895
 2012 0.89258180577047397 1.1017062850515331
 2013 0.55846994499242297 -0.90010516731106271
 2014 0.39278360301107401 1.4933678237492756
 2015 -0.66486396951215299 -0.27955279421598234
 2016 -0.71170977202511698 -1.7727397222431673


