# Created by Octave 6.4.0, Sat Jul 15 13:44:37 2023 GMT <unknown@tumajer>
# name: obsmod_full
# type: matrix
# rows: 77
# columns: 3
 1940 -1.52988720333546 -1.1465849061199462
 1941 -0.038660977217472602 -0.68016605637970895
 1942 -0.20567882349979899 0.2954768837367176
 1943 -1.1088660615344299 -0.43651788455251528
 1944 0.48996221297836501 1.3711795452880526
 1945 0.219162469269126 -1.1367231530789654
 1946 0.214415494561048 -0.39874566774857428
 1947 -0.342687134350879 0.14072921125720403
 1948 -0.71259458469135295 0.45327781836159592
 1949 -0.68452852840124701 0.45681591957972606
 1950 -0.68092946271926802 -1.2825788972728744
 1951 0.75578248928277902 0.17416887542567291
 1952 0.46543658595457299 0.096158844737938245
 1953 0.74027644878810905 -0.29161183444362621
 1954 2.2774984703236001 0.71040986814451101
 1955 2.3048791565886 1.7994561336939277
 1956 -1.1381375544157399 -1.8091133729426845
 1957 0.20337263358810401 0.042012341359016381
 1958 -2.3910520723434399 -1.452367459612512
 1959 0.92146511476624104 -0.41499938518664492
 1960 -0.34717092950492701 -0.37744396270612202
 1961 1.1620612448751499 0.29113186499819416
 1962 0.15289605828032801 -0.77622848628449836
 1963 0.26835641286894601 -0.18499689601710426
 1964 -0.21778461714547101 0.11451265631613723
 1965 -1.7694082471149799 -0.59354482014582033
 1966 0.76625273640527902 0.57004230128939282
 1967 0.88531284045798397 1.2729545885010973
 1968 -0.77396477656148099 -0.59100354316997183
 1969 0.72890246164474704 -0.10284771554314652
 1970 0.10303453892056701 0.69647232868198972
 1971 -1.73800155316125 -1.1029720745000777
 1972 0.58434696439849798 -0.075342346369888596
 1973 0.086812602145008105 2.677158181605046
 1974 -0.17499930456811 -0.13857984457400879
 1975 0.65219297323314296 1.4862181575317639
 1976 -1.6821155205796701 0.75155062820569163
 1977 0.17105863404706301 -0.29579621997677524
 1978 0.79449987752742701 -0.98506644072498062
 1979 -0.91209350515654197 0.050264687085720954
 1980 0.40965871662863401 0.3465054197363483
 1981 -1.25875399842978 -0.27759516414470037
 1982 0.75450058674069798 -1.4489769327952491
 1983 0.74291586529826303 1.631217028176837
 1984 0.33945421754942101 -0.079041982177869549
 1985 1.26890480000873 -0.18436923214595655
 1986 -1.2011420074840899 -2.3705043576684153
 1987 0.99411642526191601 0.30833460559068104
 1988 -0.408306816004257 -1.4758485375774071
 1989 0.028334808490626799 0.42303803253914374
 1990 -0.31489373862074299 0.49470481046842751
 1991 -0.78808100344144105 -0.2804313094061836
 1992 -1.4119856758684299 -1.6754804542031114
 1993 0.41717628718697403 0.96346118274140602
 1994 -1.52550098182563 -0.20729504519597206
 1995 0.97776710172688097 1.8592805477944023
 1996 -0.117403348111685 0.14822351724491356
 1997 -0.91028840460362603 -0.68339494621898833
 1998 -1.04070204229057 1.2969948997820939
 1999 -0.12592089562329101 1.5679106305423878
 2000 -0.80612060675877095 -1.066445251660906
 2001 -0.17146077321705699 -0.62699869821867127
 2002 -0.25273568058391199 -0.64913972363254691
 2003 -0.2364756668046 0.6028042859208641
 2004 -0.63176871775937804 -1.1603022413598001
 2005 0.65519558805075795 0.92488654331647346
 2006 1.6813761300645 0.40352722567341243
 2007 0.74442948310903501 0.96862570713676566
 2008 0.83636908055702097 1.514490037179548
 2009 -0.655883685532617 -0.24639365575160352
 2010 -0.43935595114050502 0.70254194027777506
 2011 0.458399303660042 -0.36654073411945487
 2012 0.89258180577047397 1.2251065700677535
 2013 0.55846994499242297 -1.3434610644993197
 2014 0.39278360301107401 1.6853346701101493
 2015 -0.66486396951215299 -0.48659865240937555
 2016 -0.71170977202511698 -1.6149295395627781


