# Created by Octave 6.4.0, Sat Jul 15 14:47:04 2023 GMT <unknown@tumajer>
# name: obsmod_full
# type: matrix
# rows: 77
# columns: 3
 1940 -0.76902461818016399 0.053949005731054746
 1941 -0.82158771814827503 -1.0274292363551816
 1942 0.60771710764450304 0.41364775749101756
 1943 -1.81998611369777 -0.41367844342168963
 1944 0.15478516852785801 0.90402180651732489
 1945 -0.26571600195685102 -1.0707784387043342
 1946 -0.28972787169168701 -0.65427862006155724
 1947 -1.22493923337382 0.97553632115807343
 1948 -0.33047735515661503 -0.73095706511777381
 1949 -0.79403368634392801 0.20545169246230216
 1950 -0.332317191820309 -0.87441019504557405
 1951 0.074019217978742294 0.17381671463698928
 1952 1.30740683388891 1.4698470743453778
 1953 -0.53579940447417795 -1.6029373455907963
 1954 0.85013388742534601 0.30552265843627741
 1955 0.75381184201905704 1.8500215340349044
 1956 -0.45154421418687202 -2.0578863172084456
 1957 -0.33847984716511698 0.67955214617736881
 1958 -1.5193977922522399 0.0010450005520865752
 1959 1.47526739699339 0.4472813691834675
 1960 1.5269845386632299 0.40828797050115923
 1961 1.88623158239299 0.51667270262617415
 1962 -0.68954459118120803 -0.60076365773568374
 1963 -0.15072619171233001 0.18690978342430586
 1964 -0.43285803194116002 -0.55126026201095801
 1965 -0.87082514286371804 -0.65539596778314624
 1966 1.4050179659409601 1.5737419767752754
 1967 1.7765825919206699 1.7459946468884064
 1968 -0.195733790752987 -1.7722202915845906
 1969 0.85153249003907805 0.2187323924116934
 1970 -0.39522510596858401 0.8851881522733579
 1971 -1.9408948383797 -1.903631950155285
 1972 -0.84531867292651197 0.11848746968134691
 1973 -0.28707868367820799 2.0709313946540484
 1974 -0.74496387886284998 -1.3163222020925169
 1975 0.28318190479884903 1.3468917457043443
 1976 -2.3824673630500799 -0.52221543649735447
 1977 -0.781141845888778 -0.89072764140436356
 1978 0.75581425950746906 0.46225279409743636
 1979 -0.50960084784627402 0.91854422382954781
 1980 1.00745931790893 -0.24309405200362338
 1981 -0.80275437314088705 -0.18951068255322828
 1982 0.90388231427108001 -1.4921562829246435
 1983 0.44591554679516499 1.1750947218499206
 1984 0.35470703054016101 0.32010808585025025
 1985 0.40634254049651503 -0.67421039804687677
 1986 0.064967351506403204 -1.3147694706892137
 1987 1.17261069758595 0.54826492727566856
 1988 -0.12496126140713899 -0.58723302305466307
 1989 -0.385428868592816 0.50003132989075516
 1990 0.49830523896307199 0.83696199517172354
 1991 -1.2504768052508899 -0.52702633210597849
 1992 -0.935484855789946 -1.6416281607132712
 1993 0.54062954625548698 2.0816588707129413
 1994 -1.4683501978053499 -0.6761841077451477
 1995 0.430400003323961 1.2816794944326793
 1996 0.016191220628115999 -0.55333241499914221
 1997 -0.73917521820032195 -0.69177544369735555
 1998 -0.61372579298108298 1.3158522965769301
 1999 0.70180918164098005 1.0615299207236644
 2000 -0.097780804202347693 -1.0518383259148685
 2001 0.35225985361186901 -0.023730166341397334
 2002 -1.037689233829 -0.67420190314878559
 2003 0.74925724018571604 0.40074904411659612
 2004 -0.80452742490724505 -0.94219896087388344
 2005 -0.52309524880791203 0.36314517909227528
 2006 2.2209085508387898 -0.14981792704440941
 2007 1.2395039389165401 0.42825213761866315
 2008 1.1230752545293801 1.2113228679239594
 2009 -2.22393069657647 -0.7762922766717526
 2010 0.45712166681266098 0.43768156345008163
 2011 0.50675366649641795 -0.92239591778007601
 2012 0.39939702727232101 0.98321374473160106
 2013 -0.018149116190209699 -1.2008046175111269
 2014 0.029039031929077402 1.2436215896968699
 2015 -0.86321848126993805 -1.1973947423851499
 2016 -0.76006671319875896 0.052992174265905259


