# Created by Octave 6.4.0, Wed Feb 08 19:45:56 2023 GMT <unknown@tumajer>
# name: obsmod_full
# type: matrix
# rows: 77
# columns: 3
 1940 -0.76902461818016399 0.039441384014395175
 1941 -0.82158771814827503 -1.0519044909549384
 1942 0.60771710764450304 0.44389799563646476
 1943 -1.81998611369777 -0.41473100621575909
 1944 0.15478516852785801 0.967127820342228
 1945 -0.26571600195685102 -1.1478656022674938
 1946 -0.28972787169168701 -0.63918087811963409
 1947 -1.22493923337382 0.96737996346513344
 1948 -0.33047735515661503 -0.71990188840702507
 1949 -0.79403368634392801 0.16613810336944662
 1950 -0.332317191820309 -0.89521187720567552
 1951 0.074019217978742294 0.19836636266359928
 1952 1.30740683388891 1.5306330189679658
 1953 -0.53579940447417795 -1.6645581004515815
 1954 0.85013388742534601 0.33333731367920671
 1955 0.75381184201905704 1.9207298072323122
 1956 -0.45154421418687202 -2.1189258352811322
 1957 -0.33847984716511698 0.73929594671664667
 1958 -1.5193977922522399 -0.018174621966832869
 1959 1.47526739699339 0.99683787850878658
 1960 1.5269845386632299 -0.44966111026643812
 1961 1.88623158239299 0.59892851395561841
 1962 -0.68954459118120803 -0.69147460626620616
 1963 -0.15072619171233001 0.20093549998848148
 1964 -0.43285803194116002 -0.54487233207712249
 1965 -0.87082514286371804 -0.65798808075483006
 1966 1.4050179659409601 1.6735118760014616
 1967 1.7765825919206699 1.4903232207713761
 1968 -0.195733790752987 -1.1951464124186142
 1969 0.85153249003907805 0.14359879414044266
 1970 -0.39522510596858401 0.93730951065045243
 1971 -1.9408948383797 -1.9179512469962656
 1972 -0.84531867292651197 0.059111478470767309
 1973 -0.28707868367820799 2.1272310384592461
 1974 -0.74496387886284998 -1.3974470706087723
 1975 0.28318190479884903 1.4218036751519707
 1976 -2.3824673630500799 -0.66038779782176116
 1977 -0.781141845888778 -0.91901369357814244
 1978 0.75581425950746906 0.50888253558353291
 1979 -0.50960084784627402 0.93266494518312626
 1980 1.00745931790893 -0.21847284600950465
 1981 -0.80275437314088705 -0.12578640365780278
 1982 0.90388231427108001 -1.6235088488478684
 1983 0.44591554679516499 1.2560655039455924
 1984 0.35470703054016101 0.27292804977433949
 1985 0.40634254049651503 -0.64127483448388467
 1986 0.064967351506403204 -1.454173028482274
 1987 1.17261069758595 0.61522307882074434
 1988 -0.12496126140713899 -0.095610079646985091
 1989 -0.385428868592816 -0.34760150567687575
 1990 0.49830523896307199 0.81289323014993453
 1991 -1.2504768052508899 -0.51836086750868227
 1992 -0.935484855789946 -1.6244989740289513
 1993 0.54062954625548698 2.1245318448570378
 1994 -1.4683501978053499 -0.66853082941712372
 1995 0.430400003323961 1.2836760905387883
 1996 0.016191220628115999 -0.56370446090775517
 1997 -0.73917521820032195 -0.64525335946808626
 1998 -0.61372579298108298 1.2908602147029671
 1999 0.70180918164098005 0.99550132385885404
 2000 -0.097780804202347693 -0.95218084931729696
 2001 0.35225985361186901 -0.030166416242263912
 2002 -1.037689233829 -0.60042560016838087
 2003 0.74925724018571604 0.3733118307236557
 2004 -0.80452742490724505 -0.88973271598655002
 2005 -0.52309524880791203 0.46456879625029762
 2006 2.2209085508387898 -0.1624400178008274
 2007 1.2395039389165401 0.4074979961814596
 2008 1.1230752545293801 1.1254323366268875
 2009 -2.22393069657647 -0.72736383957978101
 2010 0.45712166681266098 0.45214223091584377
 2011 0.50675366649641795 -0.86995793455590276
 2012 0.39939702727232101 0.91100030515865482
 2013 -0.018149116190209699 -1.0445061812690097
 2014 0.029039031929077402 1.1240688757080091
 2015 -0.86321848126993805 -1.148842129027547
 2016 -0.76006671319875896 0.14959998257582394


