# Created by Octave 6.4.0, Wed Feb 08 20:45:07 2023 GMT <unknown@tumajer>
# name: obsmod_full
# type: matrix
# rows: 77
# columns: 3
 1940 -1.4268184913295301 0.034329151569337572
 1941 -0.72559013181708198 -1.4112492905527392
 1942 0.113814394010169 0.77751875052516572
 1943 -2.040450353827 -1.2679417866882232
 1944 -0.65852811072627304 1.5269880969907563
 1945 0.89043643259744898 -0.77772921066101275
 1946 0.180218675467751 -0.61943901424473169
 1947 -1.5041654934847499 -1.1000646003466386
 1948 -0.43915737745954098 1.6777351439067645
 1949 -0.91197808430552496 -1.0525821264230093
 1950 0.19310610180480201 0.25412488329562938
 1951 0.56738424559691403 -0.54701597018061376
 1952 0.594008340001 1.4536510725186813
 1953 -0.15086809744961399 -0.60737064015217879
 1954 0.0126755808630172 -0.027294358398818108
 1955 -0.72832520970768 2.9604933513134242
 1956 0.012096849869301001 -1.9089025752712816
 1957 -0.36704089679969898 0.41892363219084333
 1958 -0.66168533495098902 -1.3279784380091726
 1959 0.98373318115304598 1.6972421044015142
 1960 1.10578832076486 -0.60714929774147397
 1961 2.6254754151404298 0.31530706714977008
 1962 -1.2228539718003599 -0.82348211080666234
 1963 -1.06080378140559 -1.0040579245604959
 1964 -0.68675427532530298 0.57647415387009415
 1965 -0.32396636939021101 -0.30892121048168897
 1966 0.52322245200237205 -0.39310044249086201
 1967 1.48875146995772 0.90377158753594211
 1968 1.2756410856256599 1.4659405298757799
 1969 2.0978087760951101 -0.60867932984576589
 1970 -1.0360449218680901 0.71002729815816756
 1971 -1.6736576832924399 -1.1281621670308957
 1972 -0.45080390695737499 0.18892081088212018
 1973 -0.083565849800801797 0.91085811507803804
 1974 -0.60346147525679605 -0.4544484978852279
 1975 0.262260090629714 0.77163028337359452
 1976 -1.42165591411451 -1.2611095630616462
 1977 0.106267934619503 0.23797174367226545
 1978 0.46254242400333301 -0.17332829316865003
 1979 -0.54984844424452095 0.34587662358401522
 1980 1.6370639055144001 -0.31009096114068513
 1981 -0.42883256462928598 0.1458828740871021
 1982 0.66964167975017497 -1.0785612875139448
 1983 0.40360356457007401 0.18975007453617557
 1984 -0.29845965448214001 -1.2046770599473686
 1985 0.15293230884825099 0.20018105508282114
 1986 0.77379971634522104 0.54126142731289328
 1987 1.13365173337699 0.64513316062342796
 1988 -0.46945406342460499 -0.52697196033194038
 1989 -0.801680574323691 -0.11848230588108603
 1990 0.39189011372346699 0.58766219044203516
 1991 -0.87273123617748405 -0.5273372143964481
 1992 -1.7189679473018999 -2.2631024654588714
 1993 -0.69072938186205801 1.6661208543633652
 1994 -1.4810855624878501 0.2471772142227967
 1995 0.45622556372106399 0.34619005453413304
 1996 -1.42225381204954 -0.97950351049647533
 1997 0.13853924359752701 1.2606054337291257
 1998 -1.2779749314462101 0.99479780793069028
 1999 0.51793425601920695 1.1208172787795769
 2000 -0.70519595512398803 -0.91084099907622107
 2001 0.21304961032891101 -0.027481577152115043
 2002 -0.46437586373207901 -0.76821801404597423
 2003 0.50977840137064201 -1.2609258336882145
 2004 -0.59457150656929503 -0.47746962267158882
 2005 0.448870604867317 1.8067732210645122
 2006 2.4212863635085502 1.4421510693701554
 2007 1.1899873823740801 -0.13973579542331416
 2008 0.79983383843686395 0.8280200589814225
 2009 -1.8198919481394 -1.0545648253904234
 2010 1.3939595656014501 0.66286354066234554
 2011 0.71558422824734302 -1.3530328719266611
 2012 0.91079279824389703 1.3003981729812546
 2013 -0.235695334877489 -0.47949272013977029
 2014 -0.31951635691857899 -0.18996513885795238
 2015 -1.2408134507629001 0.011658837103046122
 2016 0.52231459891350496 -0.14476771415794257


