# Created by Octave 6.4.0, Sun Jul 23 10:39:07 2023 GMT <unknown@tumajer>
# name: obsmod_full
# type: matrix
# rows: 77
# columns: 3
 1940 -1.4268184913295301 -0.0027373398282188395
 1941 -0.72559013181708198 -1.3229168223149361
 1942 0.113814394010169 0.82970269796016427
 1943 -2.040450353827 -1.1936746969901939
 1944 -0.65852811072627304 1.3928719710924693
 1945 0.89043643259744898 -0.86251456991314013
 1946 0.180218675467751 -0.45675500350928916
 1947 -1.5041654934847499 -1.1761359349968257
 1948 -0.43915737745954098 1.5434538591689517
 1949 -0.91197808430552496 -1.2300682703900327
 1950 0.19310610180480201 0.39528312130545651
 1951 0.56738424559691403 -0.42363652935447027
 1952 0.594008340001 1.5311257542848804
 1953 -0.15086809744961399 -0.5758439967548602
 1954 0.0126755808630172 -0.025361719326427133
 1955 -0.72832520970768 2.9770367754674654
 1956 0.012096849869301001 -1.7801747284210903
 1957 -0.36704089679969898 0.47063937753535751
 1958 -0.66168533495098902 -1.0676609418167229
 1959 0.98373318115304598 1.7220780475049406
 1960 1.10578832076486 -0.78871691140173916
 1961 2.6254754151404298 0.31214934257396065
 1962 -1.2228539718003599 -0.88277917946579898
 1963 -1.06080378140559 -0.75022168087121865
 1964 -0.68675427532530298 0.52565884346376845
 1965 -0.32396636939021101 -0.15722462269628809
 1966 0.52322245200237205 -0.23539594754586232
 1967 1.48875146995772 1.0530172949246934
 1968 1.2756410856256599 1.7049565926655708
 1969 2.0978087760951101 -0.56013420524868762
 1970 -1.0360449218680901 0.57231207099939141
 1971 -1.6736576832924399 -1.3840742085587496
 1972 -0.45080390695737499 0.12653899664142673
 1973 -0.083565849800801797 0.92118161487875827
 1974 -0.60346147525679605 -0.83588501129393256
 1975 0.262260090629714 0.63156741119306592
 1976 -1.42165591411451 -1.202453859917523
 1977 0.106267934619503 0.12857688967391237
 1978 0.46254242400333301 -0.077512206690259489
 1979 -0.54984844424452095 0.31453169659825897
 1980 1.6370639055144001 -0.33483536064147418
 1981 -0.42883256462928598 0.0043529289654863227
 1982 0.66964167975017497 -1.0904581617826523
 1983 0.40360356457007401 0.16525881607540158
 1984 -0.29845965448214001 -0.98988873002982958
 1985 0.15293230884825099 0.27933249173155045
 1986 0.77379971634522104 0.74299727558434736
 1987 1.13365173337699 0.63770941628821387
 1988 -0.46945406342460499 -0.5442232980029752
 1989 -0.801680574323691 -0.15852749641237249
 1990 0.39189011372346699 0.50985070297725588
 1991 -0.87273123617748405 -0.48412859519176948
 1992 -1.7189679473018999 -2.137257714201005
 1993 -0.69072938186205801 1.8600260944180802
 1994 -1.4810855624878501 0.47794975518713761
 1995 0.45622556372106399 -0.045498410626085881
 1996 -1.42225381204954 -1.196500103571482
 1997 0.13853924359752701 1.3436588417368933
 1998 -1.2779749314462101 0.97709750688265451
 1999 0.51793425601920695 1.0035661694849825
 2000 -0.70519595512398803 -0.93251279783515073
 2001 0.21304961032891101 -0.23625246026983177
 2002 -0.46437586373207901 -0.93383753938012026
 2003 0.50977840137064201 -1.1182523442976886
 2004 -0.59457150656929503 -0.37619223900346282
 2005 0.448870604867317 2.0522800423993108
 2006 2.4212863635085502 1.3265959193254928
 2007 1.1899873823740801 -0.039023557181269604
 2008 0.79983383843686395 0.84290676377312679
 2009 -1.8198919481394 -0.97539126241435914
 2010 1.3939595656014501 0.17787017037769323
 2011 0.71558422824734302 -1.1861349459688149
 2012 0.91079279824389703 1.2125767710220241
 2013 -0.235695334877489 -0.75895687021255231
 2014 -0.31951635691857899 -0.052532634118842771
 2015 -1.2408134507629001 0.15978141379511215
 2016 0.52231459891350496 -0.34421052950922421


