# Created by Octave 6.4.0, Wed Feb 08 21:44:34 2023 GMT <unknown@tumajer>
# name: obsmod_full
# type: matrix
# rows: 77
# columns: 3
 1940 -1.88355785273761 -0.8604383784035472
 1941 -0.514009913629768 -1.9380167806361077
 1942 0.19104950594185 -0.91348948489477799
 1943 -2.3850228689881101 -0.50063351099018449
 1944 -0.866658736526836 0.075523791025387338
 1945 0.61230854982871996 0.83511629727290049
 1946 -0.022588796202704899 0.59103361754132644
 1947 -0.93417058152684096 0.60276024907084569
 1948 0.013633834695698999 -0.35979305553615554
 1949 -1.4194952425338101 0.013225686099564269
 1950 0.338607570323535 -1.7371985474007621
 1951 1.15265588526306 -0.30605364488652376
 1952 0.67800853611731804 0.96077361845552411
 1953 -0.62837826692676702 -0.27367159454934814
 1954 0.55647204934873895 0.49656397723333406
 1955 -0.98853858212257595 -0.44102811370673811
 1956 0.014503403407769001 -0.60660492511908404
 1957 0.0030112168995900601 0.092290123601480423
 1958 -0.60027065790388201 -1.8274738665415566
 1959 0.090866241850954196 -3.4336251250547449
 1960 0.82180119698266396 0.22248267985248307
 1961 1.9008712742189899 2.4070360289795718
 1962 -0.74615522886915298 0.91166441321138747
 1963 -0.65899549272130298 0.32865388690933955
 1964 -1.0482995718027801 -0.13910174466373904
 1965 0.38476912485000098 0.78123665037169421
 1966 1.53914186959035 0.94326370515848057
 1967 0.89678386393939002 -1.0563708909840543
 1968 0.39744772028994801 -0.53589724725544907
 1969 1.82226189963881 0.4499318295178521
 1970 -0.85026640738904802 -1.1452775122478545
 1971 -1.7681167749536899 -0.24874982284026523
 1972 -0.761050003256864 1.2097426705626253
 1973 -0.20122313735091801 -0.35784757182813159
 1974 -1.1164336306738001 -1.1556975366794211
 1975 0.103942801339273 -0.32113490257601079
 1976 -0.97849806615117596 -0.24035257503550483
 1977 0.89042612345332395 -0.17734479261131969
 1978 0.96699045847124598 -0.22339374142415086
 1979 -0.17417957753293101 -1.5605938053243633
 1980 1.4796316268931999 -0.68379798819777726
 1981 -0.62614933062020395 -0.62898548107328311
 1982 0.201289968780578 1.1302941611905857
 1983 0.055274080156701801 1.326577996843495
 1984 -0.247687386216082 -0.13848647494390859
 1985 0.56339569648744403 -0.40532838955232486
 1986 1.650592567696 0.19645229053546556
 1987 -0.31031907970053901 -0.65252069641338417
 1988 1.01980867877674 -0.38130714633113183
 1989 -1.6004027361198701 -0.58087524141909652
 1990 0.058822160973598998 1.7761647243591523
 1991 -1.77426704914678 -0.33423171938145269
 1992 -1.62960695069324 -0.7609377505324354
 1993 -0.149125239731285 -1.3101382112936486
 1994 -0.61915604908702904 0.37322729344506267
 1995 0.82692980872265298 0.4049928976270783
 1996 -1.43088186586049 -0.80556727088149138
 1997 -0.99177770695702705 -0.12968569348965459
 1998 -0.782151763709382 1.5150055067489701
 1999 0.41152570711841502 2.6557837187896833
 2000 -0.103196108974364 1.7254024228449236
 2001 -0.99641744766891605 -0.51428961953790686
 2002 -0.25189904054506601 0.52389289928970106
 2003 0.365440276129396 0.26783102856019453
 2004 -0.75186198926534398 0.14914285972917174
 2005 -0.56934023487404395 -0.95593652412888863
 2006 2.98609623874116 0.53075867099925944
 2007 1.43356920012281 1.7191501527844584
 2008 0.137110028746249 0.50180900101055093
 2009 -1.75673315449191 0.46753735637041571
 2010 1.27090504019831 0.74402907975943822
 2011 0.97535942212885895 0.75336033999532859
 2012 0.86479021515087995 0.96416540236392323
 2013 -0.96447720260079495 0.73846499195955184
 2014 -0.64606931181966298 -0.31052962287616359
 2015 0.16743718012968301 -0.18032284428576012
 2016 -0.053601477064040198 -0.25261217454235069


