# Created by Octave 6.4.0, Sun Jul 23 11:41:25 2023 GMT <unknown@tumajer>
# name: obsmod_full
# type: matrix
# rows: 77
# columns: 3
 1940 -1.88355785273761 -0.83796200521532949
 1941 -0.514009913629768 -1.4336153568101007
 1942 0.19104950594185 -0.11336056012265903
 1943 -2.3850228689881101 -0.59752475092764623
 1944 -0.866658736526836 0.6074543507142105
 1945 0.61230854982871996 1.1547349758553338
 1946 -0.022588796202704899 1.0903709329484845
 1947 -0.93417058152684096 0.49230373794924959
 1948 0.013633834695698999 -0.99504489846381672
 1949 -1.4194952425338101 0.6644449755364723
 1950 0.338607570323535 -0.94224620263145231
 1951 1.15265588526306 -0.66963796275678655
 1952 0.67800853611731804 1.2231024946982341
 1953 -0.62837826692676702 0.33811895612588228
 1954 0.55647204934873895 0.56338814919481939
 1955 -0.98853858212257595 -0.075842543669658105
 1956 0.014503403407769001 -0.4644596499518398
 1957 0.0030112168995900601 -0.29190786094038357
 1958 -0.60027065790388201 -1.6712895953063989
 1959 0.090866241850954196 -2.7453900663619519
 1960 0.82180119698266396 0.44610247583918144
 1961 1.9008712742189899 2.5012881531858668
 1962 -0.74615522886915298 1.0524268661337473
 1963 -0.65899549272130298 0.31322544590253754
 1964 -1.0482995718027801 0.27003859929150548
 1965 0.38476912485000098 1.241921957924532
 1966 1.53914186959035 0.49897437690634194
 1967 0.89678386393939002 -1.9176412497007365
 1968 0.39744772028994801 -0.84167267483514396
 1969 1.82226189963881 1.4011832519551164
 1970 -0.85026640738904802 -1.2152594098330511
 1971 -1.7681167749536899 -0.040537049957407409
 1972 -0.761050003256864 1.7649530699464764
 1973 -0.20122313735091801 -0.63393018431938319
 1974 -1.1164336306738001 -1.2120290861550906
 1975 0.103942801339273 -0.60233210728904574
 1976 -0.97849806615117596 0.08515100842572039
 1977 0.89042612345332395 0.31080659080429612
 1978 0.96699045847124598 0.1921406826798458
 1979 -0.17417957753293101 -1.1260426511402597
 1980 1.4796316268931999 0.41461208080245082
 1981 -0.62614933062020395 -0.10867163020493475
 1982 0.201289968780578 1.0114287423995567
 1983 0.055274080156701801 1.4903341998627215
 1984 -0.247687386216082 0.11278016437514236
 1985 0.56339569648744403 -0.87316044638654344
 1986 1.650592567696 -1.2722582734929924
 1987 -0.31031907970053901 -1.1826782918803311
 1988 1.01980867877674 -0.027363303583901315
 1989 -1.6004027361198701 -0.34128857096696535
 1990 0.058822160973598998 1.5454054745290566
 1991 -1.77426704914678 -0.7091071452585046
 1992 -1.62960695069324 -0.67814910794106231
 1993 -0.149125239731285 -1.2234742152525719
 1994 -0.61915604908702904 0.1509383824394567
 1995 0.82692980872265298 0.12062141751462138
 1996 -1.43088186586049 -1.0155633627158125
 1997 -0.99177770695702705 -1.7262481618309613
 1998 -0.782151763709382 0.060970539305000161
 1999 0.41152570711841502 2.5555570931867306
 2000 -0.103196108974364 1.5055826346731334
 2001 -0.99641744766891605 -0.97878824117261831
 2002 -0.25189904054506601 -0.47826272459678687
 2003 0.365440276129396 -0.059351847084858592
 2004 -0.75186198926534398 0.18160696552058772
 2005 -0.56934023487404395 -0.59507329575569279
 2006 2.98609623874116 1.0690425193290332
 2007 1.43356920012281 1.1593654675988201
 2008 0.137110028746249 0.22213131580947759
 2009 -1.75673315449191 0.18961324579429875
 2010 1.27090504019831 0.12668095889026601
 2011 0.97535942212885895 0.44769190630369665
 2012 0.86479021515087995 0.67961435058733366
 2013 -0.96447720260079495 0.61767618787167855
 2014 -0.64606931181966298 -0.17261062406263825
 2015 0.16743718012968301 -0.10483700193183144
 2016 -0.053601477064040198 0.10082741169569426


