# Created by Octave 6.4.0, Wed Feb 08 14:34:09 2023 GMT <unknown@tumajer>
# name: obsmod_full
# type: matrix
# rows: 77
# columns: 3
 1940 -1.8301782347739399 -0.66171548965009419
 1941 -0.347276552479441 0.21188376853009125
 1942 -0.26182608541014102 0.00063896297527163502
 1943 -1.78198038816506 -0.21808114120069563
 1944 0.0583690189201116 1.3437227849252844
 1945 0.287289440492145 -1.2880381440644588
 1946 0.0035490610800630999 -0.64977600703916938
 1947 -0.85487277930083305 -0.88499087945734478
 1948 -0.27295036038037002 1.1145839417684211
 1949 -0.85140958735525396 -0.75217641660556012
 1950 -0.026815678027992899 -0.1880732851406112
 1951 0.58563990294790702 0.090934795030363558
 1952 1.1909809320559199 0.81478695693722669
 1953 0.0042932960101413802 0.22748893738836837
 1954 1.9205223620868299 -0.0083565246166440923
 1955 0.65120105877259304 2.9677860158880733
 1956 -0.62324259231252899 -1.8910133378386074
 1957 0.038314662483075197 0.48952493184977858
 1958 -2.0819086208620301 -1.9095276615263952
 1959 0.120755329352047 1.3323276522194414
 1960 0.42015110459404698 1.5490096102578181
 1961 1.84015867258435 0.27664990752483803
 1962 -0.10089531689719999 -0.94504489853917117
 1963 -0.13724631054686201 -0.90454785123196912
 1964 -0.61090711900571604 0.35617441428536106
 1965 -1.0382142180635501 -0.73406712762263937
 1966 1.0164998985107301 0.33980035115150231
 1967 1.6708199932550301 1.4073487484552565
 1968 0.242327795438356 0.73079702325946028
 1969 1.3587850241624 -0.50908842047496683
 1970 0.071812013097922095 0.13693483897570885
 1971 -1.9749114431679 -1.0153618909157474
 1972 -0.45473466396165202 -0.078592132552466124
 1973 -0.29837987933195897 0.98318510755644883
 1974 -0.81551544530813602 -0.0042462165687855661
 1975 0.385340628859422 0.39391860939734491
 1976 -1.7326659614047699 -0.47942874708842581
 1977 0.25609320822541198 0.034841283934926394
 1978 0.67489362592986402 -0.69571094734384598
 1979 -0.36179380036528902 0.88856446565148295
 1980 1.1147851999335701 0.077204837707871246
 1981 -1.06219868524558 -0.064649951879011333
 1982 0.53121994739249201 -1.6386048294968736
 1983 0.28684018477819201 1.0416870706820669
 1984 0.046567264501298299 -1.4018626840009722
 1985 0.96771972867433498 0.053789408081849198
 1986 0.0013686587891118399 -0.68571583649134726
 1987 0.61779427255834196 0.91428756517965837
 1988 -0.33046394868225298 -1.7665497822006098
 1989 -0.21387317711694501 1.7580677278182049
 1990 0.68303761707203803 0.75993523298650223
 1991 -1.4539913089695 -0.6635112168859495
 1992 -1.59026541504244 -2.1397862525952345
 1993 -0.185072523416797 1.7764636265024794
 1994 -1.56544904340765 0.012752744741489507
 1995 0.91522135226346402 0.88142669144010488
 1996 -0.50443290523236906 -0.82274830124151233
 1997 -0.72613909118223996 1.0281816370568337
 1998 -1.3556805441911399 0.84057568798321969
 1999 0.279132329806006 0.83683212648054794
 2000 -0.47278635628844801 -1.3124138946111117
 2001 0.28319092436766702 -0.88369854359732314
 2002 -0.41730296723082 0.066188701770485039
 2003 0.57348360883474103 -1.0584837290305227
 2004 -0.73015891539108002 -0.73466458124579803
 2005 0.39868173581894401 1.458220258078621
 2006 2.7235764891009602 0.92907429250774343
 2007 1.44066770497061 0.37286721561995756
 2008 0.861769882659987 0.56207585592305431
 2009 -1.4539929297780001 -0.83732659253159591
 2010 0.64796720164111699 0.43086706678830156
 2011 0.57781113149392005 -1.1705089128921802
 2012 1.00352595523642 1.2557861123760223
 2013 -0.45076929250860898 -0.89064304213725776
 2014 -0.31133767937185503 0.14503904161910236
 2015 -0.79942242794395602 -0.32442840970839448
 2016 -0.363260418488632 -0.67879232928327482


