# Created by Octave 6.4.0, Wed Feb 08 22:43:31 2023 GMT <unknown@tumajer>
# name: obsmod_full
# type: matrix
# rows: 77
# columns: 3
 1940 -0.17164854951292899 -1.4888854646778025
 1941 0.207599030424401 0.50351597408331095
 1942 -1.5076174897421 0.3658551283223383
 1943 -0.39421679945958599 -0.40264645604549515
 1944 1.1946368868867301 1.2566785024691451
 1945 0.036236978336610201 -0.65382875798054585
 1946 0.19909971900315501 -0.51394505594170359
 1947 -0.217587492058611 1.1570515832928776
 1948 1.1400971264898301 -0.060808992466431379
 1949 0.679057418912283 0.83926646967391672
 1950 0.379897055488436 -1.1998738864049352
 1951 -0.44075777883115103 -0.098534915321924474
 1952 1.20316206183087 1.5644819877073457
 1953 -0.57344539563445196 -0.77551733981203586
 1954 2.0420660007487101 0.0048381445802047705
 1955 -0.12293829728926101 1.4442481312519553
 1956 -0.38821265027736301 -2.442309206550449
 1957 0.19571927128997599 0.027969385561196696
 1958 -2.6434462478352798 -2.3611661842839222
 1959 -0.66771732360674196 0.38145035468870481
 1960 -0.876436496133851 1.1941639428523785
 1961 0.60566485178912499 0.23491527149131378
 1962 1.1798178382150599 -0.13454639448531075
 1963 -0.231114825673392 0.18199682115560128
 1964 -0.134162939224126 -0.74991326016180859
 1965 -0.38833285802083101 -0.85332941328873391
 1966 1.0949397104552001 0.51889037998918441
 1967 1.20910194559815 1.5362916174962966
 1968 -0.94825081975756598 -1.3301215639121329
 1969 0.598643409555774 -0.20163962623346324
 1970 0.69740114227669503 1.1652223666138439
 1971 -1.81429065666574 -0.99455659787159134
 1972 -0.34321767963171501 -0.05302085195554198
 1973 -0.363673186106591 2.1903826636419663
 1974 -1.11484214419781 -0.67723026903365557
 1975 0.029867328960871398 1.2891399721234578
 1976 -0.37600357519567901 -0.11025227356777922
 1977 1.1214662728467899 -1.2130402678082908
 1978 1.28861601005769 -0.093894437717917861
 1979 -0.55739756836504695 0.86766602784876978
 1980 1.60985615388309 -0.44982007464280388
 1981 -0.25012121399829401 0.55275916479464482
 1982 0.305902376387023 -1.0453058778141118
 1983 -0.63118365917031205 0.95336906275682753
 1984 -0.454290639043674 -0.042628046036487954
 1985 0.35566198821075801 -0.065068725466191149
 1986 0.75412869889259604 -1.3947727607568472
 1987 -0.227766065638632 0.74580524393262737
 1988 -0.55625416853896603 -2.3370571790049963
 1989 1.0458941453906601 1.8213366861886831
 1990 2.2051093365625101 0.40513365665275514
 1991 -0.31973012917551102 -0.11176577966640711
 1992 -0.41678713179529803 -1.6773819394747864
 1993 0.53519059552666304 1.4716501614892894
 1994 -0.38033038683259102 -0.34098925963661514
 1995 1.03501561306907 0.98120244543561874
 1996 -1.02171796145591 -0.28283251891645844
 1997 -0.20101422456867199 -0.84503358734825107
 1998 -1.9148778369745201 0.79486042051860895
 1999 -1.02412635571087 0.88184847126327615
 2000 -1.8511663210006399 -1.1526332997051423
 2001 1.1892019162971601 0.6616755808439202
 2002 -0.11803398620399801 -0.6206924673225297
 2003 1.9909394894800201 0.68070622063684627
 2004 -0.72029088469519098 -0.84773330609466446
 2005 1.24053937629797 0.82329225902982639
 2006 1.0346786613149701 -0.053161788229252334
 2007 -0.88769768267096605 -0.34988493259203318
 2008 -0.22399938469681399 0.58490780755869698
 2009 -1.2007389732326501 -0.32642468135292418
 2010 -1.2012772233881801 0.29680837629040424
 2011 -0.430428718324326 -0.32441821711889218
 2012 1.7309228985163601 0.86224396713144913
 2013 -0.85532122560661294 -1.1812106237261581
 2014 0.50557633180029105 1.3394134765266603
 2015 0.35723001980580898 -0.93695636509345459
 2016 -0.17557871818889101 0.21379491962653233


