# Created by Octave 6.4.0, Sun Jul 23 12:42:49 2023 GMT <unknown@tumajer>
# name: obsmod_full
# type: matrix
# rows: 77
# columns: 3
 1940 -0.17164854951292899 -0.8155582462739418
 1941 0.207599030424401 0.65806225152052356
 1942 -1.5076174897421 0.54140460690508152
 1943 -0.39421679945958599 -0.75262193688849099
 1944 1.1946368868867301 1.4536095413671626
 1945 0.036236978336610201 -0.5090320689641612
 1946 0.19909971900315501 -0.62580781701352095
 1947 -0.217587492058611 -0.27200904748666638
 1948 1.1400971264898301 0.72777956175756542
 1949 0.679057418912283 0.1149009972173361
 1950 0.379897055488436 -0.58094924710172202
 1951 -0.44075777883115103 -0.84452320419808424
 1952 1.20316206183087 0.97760556589015735
 1953 -0.57344539563445196 -0.2962258855744998
 1954 2.0420660007487101 -0.25634396834454048
 1955 -0.12293829728926101 1.8046724733704202
 1956 -0.38821265027736301 -2.5089702984871787
 1957 0.19571927128997599 0.8479863897605997
 1958 -2.6434462478352798 -2.1837933303380535
 1959 -0.66771732360674196 1.728190008612291
 1960 -0.876436496133851 1.9277753794473123
 1961 0.60566485178912499 -0.30148396841638636
 1962 1.1798178382150599 -0.0063673736273995247
 1963 -0.231114825673392 -1.2238118610441677
 1964 -0.134162939224126 0.53728943638243543
 1965 -0.38833285802083101 -0.24871755134693938
 1966 1.0949397104552001 -0.076351718842372213
 1967 1.20910194559815 0.81164628282284157
 1968 -0.94825081975756598 0.066715695075376003
 1969 0.598643409555774 -0.25869253587249064
 1970 0.69740114227669503 0.39177083238537858
 1971 -1.81429065666574 -0.63637822933218458
 1972 -0.34321767963171501 0.61268732536161419
 1973 -0.363673186106591 0.78672115016296895
 1974 -1.11484214419781 -0.38143450502182974
 1975 0.029867328960871398 0.27676330607952615
 1976 -0.37600357519567901 -0.734613060699015
 1977 1.1214662728467899 -0.77490152271390766
 1978 1.28861601005769 0.021495616879910254
 1979 -0.55739756836504695 0.37781012979652695
 1980 1.60985615388309 -0.14681179186413892
 1981 -0.25012121399829401 0.48306046690736376
 1982 0.305902376387023 -0.93129408773897171
 1983 -0.63118365917031205 1.0412759897652988
 1984 -0.454290639043674 -1.6817063259611602
 1985 0.35566198821075801 0.10531033990677487
 1986 0.75412869889259604 -0.12340447345987975
 1987 -0.227766065638632 1.2388269488100192
 1988 -0.55625416853896603 -2.0847206914769094
 1989 1.0458941453906601 2.156770600212679
 1990 2.2051093365625101 0.74244772781914503
 1991 -0.31973012917551102 -0.95750077348024731
 1992 -0.41678713179529803 -1.5448676751619765
 1993 0.53519059552666304 1.5949557262330665
 1994 -0.38033038683259102 -0.60167802801338333
 1995 1.03501561306907 0.97558760797339672
 1996 -1.02171796145591 -0.70642853306953235
 1997 -0.20101422456867199 0.27244570547835872
 1998 -1.9148778369745201 0.74086728683686964
 1999 -1.02412635571087 0.42237397839425073
 2000 -1.8511663210006399 -1.6605282028082486
 2001 1.1892019162971601 0.76732168713593163
 2002 -0.11803398620399801 -0.65096133828699432
 2003 1.9909394894800201 0.065770571316101159
 2004 -0.72029088469519098 -1.3044791117165784
 2005 1.24053937629797 1.7370829000124133
 2006 1.0346786613149701 0.5327909788623878
 2007 -0.88769768267096605 -0.56516181015670464
 2008 -0.22399938469681399 0.59092517784159138
 2009 -1.2007389732326501 -1.0819089009270981
 2010 -1.2012772233881801 0.66354399528182928
 2011 -0.430428718324326 -1.0311303401637959
 2012 1.7309228985163601 1.2668266671951918
 2013 -0.85532122560661294 -1.0982468540308532
 2014 0.50557633180029105 0.58077384856444425
 2015 0.35723001980580898 -0.84530553113274165
 2016 -0.17557871818889101 0.66087709169462983


