# Created by Octave 6.4.0, Wed Feb 08 14:40:04 2023 GMT <unknown@tumajer>
# name: obsmod_full
# type: matrix
# rows: 77
# columns: 3
 1940 -0.178641653960769 -0.52757165570727116
 1941 -0.093131646603361304 0.098737640009593508
 1942 -1.08174269245886 0.12918131603117264
 1943 -0.62870347149774897 -0.69790175803397347
 1944 0.83093610350221303 1.3993032382785586
 1945 0.29226075407645502 -1.1530669592892187
 1946 -0.245827659658652 -0.77889934719959486
 1947 -0.436688254132168 -0.42841754278260091
 1948 0.151524144149396 0.97781144179680235
 1949 0.23086809248814999 -0.31912584142130024
 1950 -0.088093312518030403 -0.47998710357472396
 1951 -0.35230074955142499 -0.50218266192009497
 1952 1.0715999163622301 1.5993744626569195
 1953 -0.42884030044501698 -0.50163247760661234
 1954 2.3386602866312698 -0.30275890151669405
 1955 1.0627806840428999 2.9784731292129765
 1956 -0.68435361623998803 -2.1938071556710081
 1957 0.49971199241570902 0.2893196154387237
 1958 -2.7980579826144201 -1.247695737437748
 1959 -0.86762734877057501 0.78994180268108305
 1960 -0.871161025218679 1.0441799073580524
 1961 1.0570540220001099 0.48669231884835285
 1962 1.03898127840379 -0.71124936542286288
 1963 0.125475081124722 -1.0079069634211604
 1964 0.036082247956105998 0.85656492108947579
 1965 -0.87989609881234898 -1.0110577860711318
 1966 0.87898829834924597 0.4863247438912246
 1967 1.57959864428564 1.1408617322064314
 1968 -0.93288802206743404 0.41037413793632099
 1969 0.44671368340534801 -0.1834424435968687
 1970 0.60781459504299695 0.59675249041165768
 1971 -1.78630254129085 -1.667988432612874
 1972 -0.60118316367722902 0.12673020108869087
 1973 -0.58150801025457 1.523330790084052
 1974 -0.82058491589359905 -0.49468640325118168
 1975 0.120451571631832 1.3878986011248315
 1976 -0.80326262199617504 -0.80010356034253749
 1977 0.89454669732717695 -0.51931731542071458
 1978 1.3271073430281599 -0.20859181942090918
 1979 -0.39366402672266099 1.0336999605027333
 1980 1.8053083349888499 -0.30761846759690087
 1981 -0.57176323606101098 -0.10127617582080319
 1982 0.52627361651538296 -1.6364180655788632
 1983 -0.529125882971205 1.1859999327783857
 1984 -0.51309812682198896 -1.1642522369903214
 1985 0.68550116731229105 -0.19187046598118668
 1986 0.50523485359319298 -0.2333502758953665
 1987 0.093087376349588705 0.53008335243596227
 1988 -0.61878196274020703 -1.5407354592586222
 1989 0.88056139017872503 1.1664760450346003
 1990 1.73378255677866 0.94362226020525519
 1991 -0.15960262397409999 -0.52707398223924784
 1992 -0.86371305985600699 -2.0503889198394711
 1993 0.31285653947353098 1.5321673511878322
 1994 -0.855517132569659 -0.44915643490683593
 1995 1.34986489613127 1.6348982484481371
 1996 -0.88511484761490999 -0.77307328806652176
 1997 -0.28663087521987202 0.68803759927131192
 1998 -1.61545371449209 0.83762350344321312
 1999 -0.80343641656007303 0.95575235951049586
 2000 -1.85898730381998 -1.0957014305838209
 2001 0.64048034053888103 -0.38747184696348913
 2002 -0.105358899910974 -0.42140954117037327
 2003 1.53590580119019 -0.71353346334334122
 2004 -0.664823731005734 -0.92980214921185866
 2005 0.953003131910094 1.4532453094880138
 2006 1.61125192966121 0.50575988001500993
 2007 -0.43489852189990502 0.093940670191488426
 2008 -0.38777768913559602 0.85190643732893045
 2009 -1.1215869828354901 -0.80968187334415997
 2010 -1.18597116560232 0.56223073528126533
 2011 -0.37214910338236601 -1.2920926325862652
 2012 1.4995791790863 1.2007037746961158
 2013 -0.55012372607458304 -0.93706490758342398
 2014 0.33886944105206301 0.43888888073110832
 2015 -0.128592592684312 -0.78453790394193079
 2016 -0.193965665335561 0.14701196192911076


