# Created by Octave 6.4.0, Sun Jul 23 13:44:53 2023 GMT <unknown@tumajer>
# name: obsmod_full
# type: matrix
# rows: 77
# columns: 3
 1940 -0.81275443934095304 -0.36622661424657948
 1941 0.24861815628384801 -0.15769163506737841
 1942 -1.9951525142062101 0.34753197272491632
 1943 -0.88187456801581499 -1.2017985808565088
 1944 0.65384715345466304 1.1962649589081116
 1945 0.39523530612326702 -0.47765437438673847
 1946 -0.176441457347525 -1.2613632848986835
 1947 -0.39836074856605702 -0.63112058892128209
 1948 0.236444533769161 0.57442948598303034
 1949 0.240540145206984 0.12076045506902235
 1950 -0.25224119745323598 -0.10120141194203125
 1951 0.11084058413417699 -0.63211389716466393
 1952 0.95749998802043002 1.2416304793050974
 1953 -0.78479216256988704 -0.44189302835591593
 1954 2.3503687178714299 0.21483815352884136
 1955 0.82392723082442898 2.7695378192409774
 1956 -0.79092301785735497 -1.876257520429585
 1957 0.84874071624534997 0.8050285732687128
 1958 -2.7986943845522099 -1.6545289544492934
 1959 -0.22044534172612501 0.96613343292668974
 1960 -1.0177308586171001 1.6041564317799599
 1961 1.2974274440228299 -0.26646355296584001
 1962 0.73058418944325498 -0.43132628560396602
 1963 -0.036191459126725799 -1.3129657213086976
 1964 -0.25194798244190297 1.095116963495288
 1965 -1.0338497706152301 -0.67130387224696719
 1966 0.47394279809310502 0.38350611015871722
 1967 1.5507366046642601 1.2760843901198802
 1968 -0.95611265926141098 0.56469640516362263
 1969 0.17497006248730801 -0.39606859511750364
 1970 0.16788517049877 -0.1087714882379661
 1971 -1.48313946659026 -0.98585129861690635
 1972 -0.262937955679095 0.59976355573430584
 1973 -0.31602342637621 0.54494707787161423
 1974 -0.25504879598154601 0.31013919964972503
 1975 -0.116412640058131 0.63241648972463327
 1976 -0.197128131163127 -0.49675494635008649
 1977 0.41399982321596601 0.0068094106809675247
 1978 1.26285404542043 -0.24507950888743826
 1979 -0.30290733092572197 0.52479470161930064
 1980 1.92553919358294 -0.48319127774629794
 1981 -1.0814983589000799 -0.33596415038557559
 1982 0.60145777771523501 -1.2939729405105034
 1983 -0.51624472232771801 0.98541738897343945
 1984 -0.338400190528166 -1.5601508697304236
 1985 0.79674828945044096 -0.15938476039900337
 1986 0.75789457701908602 -0.016322044719061016
 1987 -0.372851834695405 0.67187152419664953
 1988 -0.238657702666417 -1.8395462604959081
 1989 1.9862548823738999 1.5208733431139598
 1990 2.3878891890297802 1.2236836033449412
 1991 -0.037264664862356398 -1.444843714546342
 1992 -1.02442244658116 -1.531928613153029
 1993 0.68414291601627197 1.6491732660682592
 1994 -0.84697672502579902 -0.40800920617582237
 1995 1.26386272339827 1.7789615327198347
 1996 -0.66609794266608502 -0.34868562048428658
 1997 -0.797070397879731 0.85019570731179495
 1998 -1.43618422862304 0.62150239823336451
 1999 -0.95569839451911398 0.70459478548504373
 2000 -1.5890772244539999 -1.3506743234820382
 2001 0.27879972814855197 -0.14589171776050416
 2002 0.0253196605765297 -0.95625334474119317
 2003 0.95594506191178996 -0.53233629463668641
 2004 -0.77379520250264699 -0.92876614540710578
 2005 0.402524157370585 1.4755334553880546
 2006 1.08894208001501 0.86055762451578011
 2007 -0.42114383364878399 0.050638730352247772
 2008 -0.64047685193807502 0.95784230568071749
 2009 -1.0263875106521601 -1.4093920092862526
 2010 -1.6028125708007399 0.90559484503467647
 2011 -0.75563324041495195 -1.6716206054509444
 2012 1.07178911589547 1.4073244141397925
 2013 -0.34466651484141497 -0.70913377266990041
 2014 0.61512084972743197 -0.10639926036930243
 2015 -0.064279482834293605 -0.50672400652282645
 2016 0.54985635667688004 0.013275107215075854


