# Created by Octave 6.4.0, Wed Feb 08 23:42:35 2023 GMT <unknown@tumajer>
# name: obsmod_full
# type: matrix
# rows: 77
# columns: 3
 1940 -0.81275443934095304 -1.4706813946555166
 1941 0.24861815628384801 0.97741347511548649
 1942 -1.9951525142062101 0.2803946577754623
 1943 -0.88187456801581499 -0.37257863343035852
 1944 0.65384715345466304 0.79887175158754931
 1945 0.39523530612326702 -0.79902449621879201
 1946 -0.176441457347525 -0.86995609189863776
 1947 -0.39836074856605702 1.1172662302852645
 1948 0.236444533769161 -0.74741096034268673
 1949 0.240540145206984 0.62861441354731484
 1950 -0.25224119745323598 -0.89374209455477949
 1951 0.11084058413417699 -0.18084962244588595
 1952 0.95749998802043002 1.5778001356882543
 1953 -0.78479216256988704 -1.2075903039165043
 1954 2.3503687178714299 0.16003843216287461
 1955 0.82392723082442898 1.8896479046817756
 1956 -0.79092301785735497 -2.0864187369688345
 1957 0.84874071624534997 0.23951053246915213
 1958 -2.7986943845522099 -1.5176158984292876
 1959 -0.22044534172612501 0.74187684747548388
 1960 -1.0177308586171001 1.7824382451577014
 1961 1.2974274440228299 0.36393821325596404
 1962 0.73058418944325498 -0.38807721757376751
 1963 -0.036191459126725799 0.24852769705572936
 1964 -0.25194798244190297 -0.68620758585923924
 1965 -1.0338497706152301 -0.98263514588656187
 1966 0.47394279809310502 1.1868126205358214
 1967 1.5507366046642601 1.5965921961504734
 1968 -0.95611265926141098 -1.574780734616374
 1969 0.17497006248730801 0.046994331216186958
 1970 0.16788517049877 0.87966105234869962
 1971 -1.48313946659026 -1.701037985641471
 1972 -0.262937955679095 0.0082861447525053068
 1973 -0.31602342637621 2.0370120097035533
 1974 -0.25504879598154601 -0.89700626743826628
 1975 -0.116412640058131 1.3752889299099476
 1976 -0.197128131163127 -0.14505013322007868
 1977 0.41399982321596601 -0.89257660100712133
 1978 1.26285404542043 0.23988363080567701
 1979 -0.30290733092572197 0.67363439095470845
 1980 1.92553919358294 -0.23331006818596761
 1981 -1.0814983589000799 -0.15940201758756412
 1982 0.60145777771523501 -1.3061767128473598
 1983 -0.51624472232771801 1.0212002168839629
 1984 -0.338400190528166 0.30175607409270783
 1985 0.79674828945044096 -0.7084037057601672
 1986 0.75789457701908602 -1.0785371218618389
 1987 -0.372851834695405 0.40948256425030471
 1988 -0.238657702666417 -2.0165388562243263
 1989 1.9862548823738999 2.0078501234792676
 1990 2.3878891890297802 0.70225876715240865
 1991 -0.037264664862356398 -0.33837819619257625
 1992 -1.02442244658116 -1.7034759335827505
 1993 0.68414291601627197 1.6627569173218675
 1994 -0.84697672502579902 -0.48358992282112778
 1995 1.26386272339827 1.2038516927287768
 1996 -0.66609794266608502 -0.4212449012074409
 1997 -0.797070397879731 -0.59788207824378381
 1998 -1.43618422862304 0.8589415852719442
 1999 -0.95569839451911398 0.86717859288701937
 2000 -1.5890772244539999 -0.71156810672169302
 2001 0.27879972814855197 0.10926638965334064
 2002 0.0253196605765297 -0.62139789937455991
 2003 0.95594506191178996 0.11795502852335185
 2004 -0.77379520250264699 -0.55222591190544057
 2005 0.402524157370585 0.35251722588343387
 2006 1.08894208001501 -0.10527858490910542
 2007 -0.42114383364878399 0.12575946675289548
 2008 -0.64047685193807502 0.87842284346811894
 2009 -1.0263875106521601 -0.53088727114588308
 2010 -1.6028125708007399 0.38275838006670293
 2011 -0.75563324041495195 -0.73087059222500528
 2012 1.07178911589547 0.77060446483145839
 2013 -0.34466651484141497 -0.99698241023955092
 2014 0.61512084972743197 1.0243659037986033
 2015 -0.064279482834293605 -0.98422802894854144
 2016 0.54985635667688004 0.046188144407095101


