# Created by Octave 6.4.0, Sun Jul 23 14:46:40 2023 GMT <unknown@tumajer>
# name: obsmod_full
# type: matrix
# rows: 77
# columns: 3
 1940 -0.18727020296972399 -1.1766590909865899
 1941 -0.70412408249564895 -0.55877770043587749
 1942 -0.076363212892568505 0.02501572557450768
 1943 -0.37303855900976501 -0.43106468878282816
 1944 1.3778241294970199 1.1713849140860522
 1945 0.68696960432763798 0.0069907106294204947
 1946 -0.58940259699905795 -0.51240037820005913
 1947 -0.95700988184919999 0.91615363217729473
 1948 0.031240935402764399 0.58739207188144216
 1949 0.36944731636803302 1.2804440912222044
 1950 0.47910676765750398 -0.4843382065711675
 1951 -0.31454323788936001 -0.43660122373501342
 1952 1.18651405428512 1.4461608016677863
 1953 0.012827400046787601 0.10395785962092274
 1954 2.27675862388499 0.065108102240560295
 1955 1.0725798245679801 1.6538801633051892
 1956 -1.1680890724970601 -1.6243884269991784
 1957 0.13195866595830799 -1.0540929755871957
 1958 -2.6756067649634998 -3.550851619586227
 1959 -0.69055748348787005 -1.8960256606960193
 1960 -1.0981277748563001 0.11493718297495961
 1961 0.51085839495087204 0.34429987686879909
 1962 0.57257490265454303 0.068025390288981094
 1963 -0.0453799701736037 0.25152396509384972
 1964 0.169607491338859 -0.68209748950284843
 1965 -0.81865339463164599 -1.3981620892970543
 1966 1.21328718218725 -0.36819923592869463
 1967 1.73002516753834 1.4915495600848439
 1968 -0.97419169150051499 -0.56618989900411998
 1969 0.100964810023235 -0.59046059048215938
 1970 0.27666600089534299 0.89825867624878497
 1971 -2.1520887238123998 -0.51104307991330677
 1972 -0.34573067387699002 -0.40267633747101494
 1973 -0.63563130372069399 2.1947966109456707
 1974 -0.78667887203025599 0.71434558065187015
 1975 0.44404103787475901 1.9295576898082396
 1976 -1.24132890641994 1.1730394748862474
 1977 1.20797407406667 -0.5959549940786909
 1978 0.88324932543687396 -0.48915563938689643
 1979 -0.33339967684671701 0.64969209118703319
 1980 1.5885735659340701 -0.11962559825055129
 1981 -0.53585782651431202 0.54425572779668197
 1982 0.56588096701187096 -0.81197066018966846
 1983 0.107942065294309 0.55131836633234199
 1984 -0.038122229140906599 0.28415003997017202
 1985 0.77756844711289197 0.14319014411319564
 1986 0.78493246469601297 -1.5901835272119356
 1987 0.16245879044947001 -0.13126099359474158
 1988 -1.27946270642125 -2.8632895037038177
 1989 0.211218585448989 0.28048549210943735
 1990 0.93497743096005903 0.602540970604728
 1991 -0.29624556177709099 0.26940675728658625
 1992 -1.03422224915382 -1.7603316712554655
 1993 0.52750422757652904 0.51548755903527932
 1994 -0.65942651171723599 -0.046545226185167744
 1995 1.15598419879986 1.0967339762535071
 1996 -1.10261291389204 0.41410060334094029
 1997 -0.16131459509126 -0.75170084703548501
 1998 -2.0744651432158401 0.46914787373602601
 1999 -0.37939144396427799 1.500165224082487
 2000 -0.89284812558712201 -0.51954177317550709
 2001 1.07954769187049 0.47943672368600848
 2002 -0.114530789042253 -0.42044309357393961
 2003 1.84385883248362 0.64241622268860576
 2004 -0.30493146731244902 -0.72105714678756905
 2005 0.77111298227767899 0.53871781551519504
 2006 1.64969503252377 0.28772407069245248
 2007 -0.494093000219819 -0.2553861230494599
 2008 -0.37992536661211002 0.58010712265174513
 2009 -0.812000848445112 -0.032087736955565049
 2010 -0.60624297090003698 0.2940434463124576
 2011 0.18352630889462401 -0.18180012599120257
 2012 1.0660531099582999 1.0252534751314493
 2013 -1.19129125169532 -0.91197952461542409
 2014 0.0053057456612803497 1.1146520627963137
 2015 0.094130746758234504 -0.27444210473739339
 2016 -0.65594243997387203 0.00093713737771020577


