# Created by Octave 6.4.0, Wed Feb 08 14:22:22 2023 GMT <unknown@tumajer>
# name: obsmod_full
# type: matrix
# rows: 77
# columns: 3
 1940 -0.18727020296972399 0.0062842377327529614
 1941 -0.70412408249564895 -1.5581342849925437
 1942 -0.076363212892568505 0.95305129124653187
 1943 -0.37303855900976501 -1.5603357152991559
 1944 1.3778241294970199 1.5527868421702102
 1945 0.68696960432763798 -0.094698662756468377
 1946 -0.58940259699905795 -0.80658984843017711
 1947 -0.95700988184919999 -1.068647101825517
 1948 0.031240935402764399 1.3028892935645238
 1949 0.36944731636803302 -0.48060015139639484
 1950 0.47910676765750398 0.39869642810706429
 1951 -0.31454323788936001 -1.1196646917454405
 1952 1.18651405428512 0.68839192670924498
 1953 0.012827400046787601 -0.067029095300756417
 1954 2.27675862388499 0.083531145858470907
 1955 1.0725798245679801 2.4706967823543446
 1956 -1.1680890724970601 -1.4723352731126218
 1957 0.13195866595830799 0.54159226581812203
 1958 -2.6756067649634998 -2.029453191757892
 1959 -0.69055748348787005 -0.015592402596674998
 1960 -1.0981277748563001 1.7443726638669301
 1961 0.51085839495087204 -0.14320823991735457
 1962 0.57257490265454303 -0.34982480828159057
 1963 -0.0453799701736037 -1.4740381774860227
 1964 0.169607491338859 1.1220269180534432
 1965 -0.81865339463164599 -0.34702560040680835
 1966 1.21328718218725 -0.19676857800458394
 1967 1.73002516753834 0.60777517125049263
 1968 -0.97419169150051499 1.4530550476608477
 1969 0.100964810023235 -0.76852048187695199
 1970 0.27666600089534299 0.23883215789224779
 1971 -2.1520887238123998 -0.39516039408670445
 1972 -0.34573067387699002 0.2672108156281211
 1973 -0.63563130372069399 0.95139472549749471
 1974 -0.78667887203025599 0.087269341520031796
 1975 0.44404103787475901 0.83449975751357552
 1976 -1.24132890641994 -0.63349941484323702
 1977 1.20797407406667 -0.2980110868428158
 1978 0.88324932543687396 0.16074691802292126
 1979 -0.33339967684671701 -0.50575480936965234
 1980 1.5885735659340701 -0.028074146290065195
 1981 -0.53585782651431202 0.26025610904993046
 1982 0.56588096701187096 -1.1200571030520328
 1983 0.107942065294309 0.38853017372155235
 1984 -0.038122229140906599 -1.8229807543575507
 1985 0.77756844711289197 0.24080136972827562
 1986 0.78493246469601297 -0.0021568595984220507
 1987 0.16245879044947001 0.89851490659755118
 1988 -1.27946270642125 -2.0785365743327158
 1989 0.211218585448989 1.7184883176139936
 1990 0.93497743096005903 0.81854453274001293
 1991 -0.29624556177709099 -0.99049126624623196
 1992 -1.03422224915382 -1.7950980747545757
 1993 0.52750422757652904 0.80509355588302922
 1994 -0.65942651171723599 -0.080344666117120919
 1995 1.15598419879986 1.350658366178771
 1996 -1.10261291389204 -0.49781825276249464
 1997 -0.16131459509126 1.1822521196042528
 1998 -2.0744651432158401 0.54928959858095439
 1999 -0.37939144396427799 0.92224045415801525
 2000 -0.89284812558712201 -0.81222896487277119
 2001 1.07954769187049 0.50085367428387628
 2002 -0.114530789042253 -1.0762302119606915
 2003 1.84385883248362 -0.81775418876870087
 2004 -0.30493146731244902 -0.88697456766770089
 2005 0.77111298227767899 0.96219204335037167
 2006 1.64969503252377 1.5688098040696441
 2007 -0.494093000219819 -0.37595613427992625
 2008 -0.37992536661211002 0.83189076508439019
 2009 -0.812000848445112 -1.2499778936361516
 2010 -0.60624297090003698 1.1000424746475377
 2011 0.18352630889462401 -1.3089877783990684
 2012 1.0660531099582999 1.1602398433795458
 2013 -1.19129125169532 0.045306458070822293
 2014 0.0053057456612803497 -0.48038388336856863
 2015 0.094130746758234504 -0.19863542628364847
 2016 -0.65594243997387203 0.23847045986791293


