# Created by Octave 6.4.0, Sun Jul 23 15:47:20 2023 GMT <unknown@tumajer>
# name: obsmod_full
# type: matrix
# rows: 77
# columns: 3
 1940 0.39168598234923202 0.011155554218271763
 1941 0.10464384499134199 -0.9224758527660567
 1942 -0.605844700903867 0.38527574521992558
 1943 -0.49613540498214598 -0.32264499236052308
 1944 -0.16028029302717001 1.0015274821564508
 1945 -0.304210074938912 -1.3093190644150405
 1946 -0.43799611892273699 -0.68309742826121167
 1947 0.123687465677595 0.59547743307144541
 1948 -0.487556076298365 -0.3241312080751631
 1949 -0.69592482703691505 0.068144240536735332
 1950 -0.91518082103908005 -0.7885271784087563
 1951 -0.64735237956664904 -0.081192211719186239
 1952 0.641335187329655 1.6513604993554878
 1953 -0.65711795965807296 -1.5347689261568183
 1954 2.10635961065949 -0.014315958674976677
 1955 1.4135371366071401 2.3680294364550591
 1956 -0.31986692839119901 -2.1907544872706737
 1957 1.0696950581798199 0.62315280353567581
 1958 -2.2067311866263699 -0.12984482005911097
 1959 -0.85933214615128595 0.39408889429465727
 1960 -0.115507848034372 0.29513147932553913
 1961 2.0711911092596198 0.60779122910273176
 1962 1.2757683567845499 -0.73363235150881612
 1963 0.53023818791146904 -0.057535524085977195
 1964 0.21438729134418999 -0.097713819509474178
 1965 -1.0586416654083199 -0.83938342961393264
 1966 0.47486546062601498 1.4658271255635325
 1967 0.94211340393676002 1.1485636024084858
 1968 -1.0808668138137201 -0.33997214685874705
 1969 0.95497719286876803 0.063986613538969284
 1970 0.95725348126063103 0.90114732817407117
 1971 -1.1357866330270201 -1.8487479541238505
 1972 -0.59960306040035005 -0.038518042156779848
 1973 -0.75861120662480797 2.0572696112972015
 1974 -0.69503612411819704 -1.268843379058392
 1975 0.18348497401437899 1.417527216376695
 1976 -1.0727715717291799 -0.57035090255343446
 1977 0.45161629791541602 -0.94623228817369609
 1978 1.28703683722429 0.46040214773012478
 1979 -0.60338758848318597 0.74559896390042857
 1980 1.64236670165451 -0.26704093484983371
 1981 -0.90975715532123402 -0.1337477780023508
 1982 0.54331612108441396 -1.6662626889215122
 1983 -1.05154739756834 1.4178178919869906
 1984 -1.0636615496036701 -0.40835795237674721
 1985 0.69983310085906103 -0.41482595519390325
 1986 -0.64518653836203799 -0.8453694942484381
 1987 0.45692204324487101 0.64431077550314186
 1988 -0.099310761002372294 -0.77100644396023132
 1989 0.486533549896357 0.70130035821609604
 1990 0.721526957215188 0.63019407769137259
 1991 -0.464348571912301 -0.48613300694034822
 1992 -0.75821774005491005 -1.7457411579226312
 1993 -0.38193653430540903 1.9438326256136573
 1994 -1.5209541495608701 -0.37796801767956412
 1995 1.6375430902275601 1.3448183714447501
 1996 -0.61860827829751897 -0.99454148825189115
 1997 0.57957123977842395 0.021349628984511468
 1998 0.0030512575634379299 1.0956659451232613
 1999 0.28727988426536899 1.1938297845386525
 2000 -2.3851639800897799 -1.3526292374390259
 2001 0.037605931921523499 0.070943622411002383
 2002 -0.500198243871389 -0.69305148931070093
 2003 0.80678978066314599 0.14541923985716917
 2004 -1.2189404947575799 -1.5015027592988552
 2005 1.1695907100954701 1.4134623703701292
 2006 1.9341186672197901 -0.14480891154806558
 2007 0.17913494586605799 0.29850268978676731
 2008 -0.095499834710691206 1.1644962914993422
 2009 -0.92398595415729801 -0.69582094064368782
 2010 -0.80398442034848905 0.4523285932948603
 2011 0.0221584414925909 -0.93527216163860194
 2012 1.90609635988034 0.93164177267053905
 2013 0.23507545889092399 -1.2520016847057061
 2014 0.43513378958405602 1.2473300398585048
 2015 -1.14726112082986 -1.0435124650847483
 2016 -0.40119988230672299 -0.20710495128476666


