# Created by Octave 6.4.0, Wed Feb 08 14:28:15 2023 GMT <unknown@tumajer>
# name: obsmod_full
# type: matrix
# rows: 77
# columns: 3
 1940 0.39168598234923202 -0.32421770899989205
 1941 0.10464384499134199 -0.41437125432817634
 1942 -0.605844700903867 0.42171141915328675
 1943 -0.49613540498214598 -0.2749010928735996
 1944 -0.16028029302717001 1.0014404210196273
 1945 -0.304210074938912 -1.3648156724322675
 1946 -0.43799611892273699 -0.57979803268997943
 1947 0.123687465677595 0.812522955336061
 1948 -0.487556076298365 -0.71771658410898942
 1949 -0.69592482703691505 0.16528705989905099
 1950 -0.91518082103908005 -1.0232383173718611
 1951 -0.64735237956664904 -0.056894273211145693
 1952 0.641335187329655 1.6702757352015474
 1953 -0.65711795965807296 -1.4826676827326299
 1954 2.10635961065949 0.17595059008379188
 1955 1.4135371366071401 2.1170797728574748
 1956 -0.31986692839119901 -2.1463906456441317
 1957 1.0696950581798199 0.62952641264491116
 1958 -2.2067311866263699 -0.34479205938157609
 1959 -0.85933214615128595 0.45272177121932866
 1960 -0.115507848034372 0.66533434943632075
 1961 2.0711911092596198 0.67133049917206966
 1962 1.2757683567845499 -0.86506614401447668
 1963 0.53023818791146904 0.2690324126513709
 1964 0.21438729134418999 -0.5675943120413447
 1965 -1.0586416654083199 -0.81595358780159422
 1966 0.47486546062601498 1.6347721823718264
 1967 0.94211340393676002 1.1568903321189954
 1968 -1.0808668138137201 -0.56997093329658399
 1969 0.95497719286876803 -0.15564266606832883
 1970 0.95725348126063103 0.92982530567101085
 1971 -1.1357866330270201 -1.6826758039000393
 1972 -0.59960306040035005 -0.1973738434059264
 1973 -0.75861120662480797 2.0623220872652221
 1974 -0.69503612411819704 -1.2439019209999749
 1975 0.18348497401437899 1.5324668348444821
 1976 -1.0727715717291799 -0.7381034612125793
 1977 0.45161629791541602 -0.90973967280120693
 1978 1.28703683722429 0.48096655225051999
 1979 -0.60338758848318597 0.74527401539239857
 1980 1.64236670165451 -0.21153713516294048
 1981 -0.90975715532123402 0.025140883533479406
 1982 0.54331612108441396 -1.7661393631002491
 1983 -1.05154739756834 1.467531133127143
 1984 -1.0636615496036701 -0.32875962916186624
 1985 0.69983310085906103 -0.46871254643106236
 1986 -0.64518653836203799 -1.307601663149591
 1987 0.45692204324487101 0.7421615178675437
 1988 -0.099310761002372294 -1.1745589657291726
 1989 0.486533549896357 1.3003069700063385
 1990 0.721526957215188 0.51306676745934066
 1991 -0.464348571912301 -0.43368389364351229
 1992 -0.75821774005491005 -1.5759062615776656
 1993 -0.38193653430540903 1.8810873758892155
 1994 -1.5209541495608701 -0.49844618585327238
 1995 1.6375430902275601 1.3000003945911203
 1996 -0.61860827829751897 -0.78726020495293059
 1997 0.57957123977842395 -0.16632204909069154
 1998 0.0030512575634379299 1.0440162111249138
 1999 0.28727988426536899 1.110141966946429
 2000 -2.3851639800897799 -1.2273421849481119
 2001 0.037605931921523499 0.12971806743711059
 2002 -0.500198243871389 -0.58862565981020309
 2003 0.80678978066314599 0.22921178447064008
 2004 -1.2189404947575799 -1.4560267218211298
 2005 1.1695907100954701 1.2007526293145803
 2006 1.9341186672197901 -0.23305207940871198
 2007 0.17913494586605799 0.27173074417765403
 2008 -0.095499834710691206 1.0331749008743987
 2009 -0.92398595415729801 -0.5997567930594041
 2010 -0.80398442034848905 0.46139770946707359
 2011 0.0221584414925909 -0.7838855588453929
 2012 1.90609635988034 0.80948234790220286
 2013 0.23507545889092399 -1.0869517626095153
 2014 0.43513378958405602 1.0935131272221907
 2015 -1.14726112082986 -0.89691661605915118
 2016 -0.40119988230672299 -0.13985429626981083


