# Created by Octave 6.4.0, Sat Jul 15 12:41:44 2023 GMT <unknown@tumajer>
# name: MAX_full
# type: matrix
# rows: 1
# columns: 13
 5.8349866319385892 11.777008067974689 16.256259078712262 32.137009194312171 0.098535106958008448 0.13693655221948364 0.76242508753884586 0.84999999999999998 -1.1788981417465716 -2 0.42822127527226916 0.47382452311476991 0.36946232316747274


