# Created by Octave 6.4.0, Wed Feb 08 17:47:02 2023 GMT <unknown@tumajer>
# name: MAX_full
# type: matrix
# rows: 1
# columns: 13
 5.8471754957641586 13.185061367678799 26.149334957326701 31.661874220985656 0.10949941900034657 0.14300128584528618 0.76457833054789415 0.84999999999999998 -0.45122611209040819 -5 0.42014979975013045 0.4866375716005229 0.34156783282052189


