# Created by Octave 6.4.0, Sat Jul 15 13:44:38 2023 GMT <unknown@tumajer>
# name: MAX_full
# type: matrix
# rows: 1
# columns: 13
 6.5748914513964118 19.22592956494373 27.763696975561491 30.467472414285247 0.0019857090340944074 0.46618098553240078 0.76701738538045194 0.84999999999999998 -1.7517333888169055 -5 0.47403981126686096 0.52828044922738293 0.43311194001164421


