# Created by Octave 6.4.0, Wed Feb 08 18:46:31 2023 GMT <unknown@tumajer>
# name: MAX_full
# type: matrix
# rows: 1
# columns: 13
 6.3796280340108344 13.862687032993009 15.335246859019147 29.977156261350665 0.093698875090749312 0.19636417532212652 0.72950429436749764 0.84999999999999998 -1.6509737708399235 -5 0.48230060470991071 0.55969715496446737 0.41277509426367492


