# Created by Octave 6.4.0, Sat Jul 15 14:47:05 2023 GMT <unknown@tumajer>
# name: MAX_full
# type: matrix
# rows: 1
# columns: 13
 7.680661773556035 16.506335036673903 19.695688560601539 26.134361537286154 0.040061691480448802 0.10136959469380358 0.77464533979518624 0.84999999999999998 -1.7063111984633559 -6 0.4551224455574065 0.5347257602978549 0.3553480831119562


