# Created by Octave 6.4.0, Wed Feb 08 19:45:57 2023 GMT <unknown@tumajer>
# name: MAX_full
# type: matrix
# rows: 1
# columns: 13
 7.5111216411832933 19.428410824717481 24.373299077483534 33.344307559221122 0.0423097316408712 0.097637625693591024 0.66676393418849966 0.84999999999999998 -1.7286368648273367 -6 0.4499869524089779 0.52853612006528472 0.34795626807462721


