# Created by Octave 6.4.0, Sun Jul 23 10:39:08 2023 GMT <unknown@tumajer>
# name: MAX_full
# type: matrix
# rows: 1
# columns: 13
 1.0700777745968679 15.285146296073798 27.912076557789192 30.655155850057309 0.0070481651018627026 0.026376350133990006 0.564737621163514 0.84999999999999998 -1.955453548887359 -6 0.32069312698821523 0.30512760635313307 0.34241885064430522


