# Created by Octave 6.4.0, Wed Feb 08 20:45:08 2023 GMT <unknown@tumajer>
# name: MAX_full
# type: matrix
# rows: 1
# columns: 13
 1.8299591723672002 17.006923557006029 21.782184898354242 34.170675591799252 0.024487358459817355 0.061827561286158184 0.50146041930653051 0.84999999999999998 -1.5794133607696907 -6 0.32479840431066176 0.2759731123023233 0.38656683924716218


