# Created by Octave 6.4.0, Sun Jul 23 11:41:26 2023 GMT <unknown@tumajer>
# name: MAX_full
# type: matrix
# rows: 1
# columns: 13
 1.5052788076430783 9.360848047594736 11.61453128914855 20.632018878913883 0.0021450769403058346 0.38009253110766439 0.74179210079123514 0.84999999999999998 1.8887170776513598 -10 0.29412468879155146 0.2431997409623603 0.35214506177465138


