# Created by Octave 6.4.0, Wed Feb 08 21:44:34 2023 GMT <unknown@tumajer>
# name: MAX_full
# type: matrix
# rows: 1
# columns: 13
 4.1146308414193262 10.038979101226573 11.089466962631731 21.072634155636791 0.023726851416490471 0.13618714958596267 0.65446173095788118 0.84999999999999998 1.7832021851611981 -11 0.28594191576096095 0.28415605479997863 0.27585956621380286


