# Created by Octave 6.4.0, Wed Feb 08 14:34:09 2023 GMT <unknown@tumajer>
# name: MAX_full
# type: matrix
# rows: 1
# columns: 13
 6.5869071059416742 12.754086982658013 27.835396943349235 30.192508304243184 0.025593684536559948 0.1769677772612035 0.58089691959432743 0.84999999999999998 -1.6018434663460273 -6 0.38967455566392445 0.48155378658333731 0.30522079356920451


