# Created by Octave 6.4.0, Sun Jul 23 12:42:50 2023 GMT <unknown@tumajer>
# name: MAX_full
# type: matrix
# rows: 1
# columns: 13
 6.661170903900075 12.950952358742432 19.887603926775629 33.209057524668964 0.096542560407200328 0.11660187024209187 0.50309173925686601 0.84999999999999998 -1.151412939729429 -12 0.35901311805964509 0.25670051184136305 0.44481272523511767


