# Created by Octave 6.4.0, Wed Feb 08 22:43:32 2023 GMT <unknown@tumajer>
# name: MAX_full
# type: matrix
# rows: 1
# columns: 13
 6.8743195553583307 16.196287813362709 26.887128524553617 34.491800830931766 0.098071186642934557 0.12072817828840711 0.7714462517078009 0.84999999999999998 -0.66781751853272375 -11 0.33259953178769508 0.38272834816344536 0.28442483741236968


