# Created by Octave 6.4.0, Wed Feb 08 14:40:04 2023 GMT <unknown@tumajer>
# name: MAX_full
# type: matrix
# rows: 1
# columns: 13
 6.8098895153031744 15.675625034202298 24.147067252749856 27.928054415045352 0.017439382699216032 0.21970815246441419 0.50192089713401322 0.84999999999999998 -1.3434871746038177 -6 0.36304709281578068 0.4118160273039036 0.31419229870642734


