# Created by Octave 6.4.0, Sun Jul 23 13:44:54 2023 GMT <unknown@tumajer>
# name: MAX_full
# type: matrix
# rows: 1
# columns: 13
 7.1505580188409494 12.502639562506424 17.745594100908356 29.657152201404347 0.047379503858636568 0.15504513943524839 0.50122795665313313 0.84999999999999998 -1.6607722629396409 -6 0.3667803470541135 0.40227706258342311 0.34345171074977215


