# Created by Octave 6.4.0, Wed Feb 08 23:42:36 2023 GMT <unknown@tumajer>
# name: MAX_full
# type: matrix
# rows: 1
# columns: 13
 7.7015790075237058 17.206285470704898 26.426758730018712 33.393044638104392 0.10082215139218786 0.1200394951536416 0.77446422423175854 0.84999999999999998 -1.220470508571466 -6 0.37068342830531459 0.44535806405525319 0.29485660683087234


