# Created by Octave 6.4.0, Wed Feb 08 14:22:22 2023 GMT <unknown@tumajer>
# name: MAX_full
# type: matrix
# rows: 1
# columns: 13
 2.0792747730066843 12.079055444481515 21.781241291397006 22.9267382858588 0.045677511931818154 0.10167596239807644 0.53482221124233087 0.84999999999999998 -1.2871164362919556 -6 0.36514900792006777 0.39196090771881376 0.33703032498631147


