# Created by Octave 6.4.0, Sun Jul 23 14:46:41 2023 GMT <unknown@tumajer>
# name: MAX_full
# type: matrix
# rows: 1
# columns: 13
 6.636490567656792 19.272771300714194 23.691247407539556 30.290998562079501 0.099256579041601969 0.11098792993709129 0.70900834270025193 0.84999999999999998 -1.5479834618571067 -3 0.39634271583754965 0.46793935771203338 0.29010052456714935


