# Created by Octave 6.4.0, Wed Feb 08 14:28:15 2023 GMT <unknown@tumajer>
# name: MAX_full
# type: matrix
# rows: 1
# columns: 13
 6.2421089801117109 18.319620217256727 23.841172188937549 34.643404159758134 0.0017638220922295833 0.21026937029742293 0.64499521495602175 0.84999999999999998 -1.6023292440468389 -6 0.38492327357398387 0.40801973522540319 0.3631658750406061


