# Created by Octave 6.4.0, Sun Jul 23 15:47:21 2023 GMT <unknown@tumajer>
# name: MAX_full
# type: matrix
# rows: 1
# columns: 13
 6.6669098522543466 18.513061853302332 27.439548009300953 34.070446992872888 0.0047724992348851195 0.17499959523368436 0.606037472885533 0.84999999999999998 -1.6250952873126048 -6 0.39013546971487478 0.38981823606992716 0.39172976452648456


