# Created by Octave 6.4.0, Sun Jul 23 10:39:07 2023 GMT <unknown@tumajer>
# name: gT_full
# type: matrix
# rows: 12
# columns: 77
 0 0 0 0 0 0 0 0 0 0 0 0 0 0 0 0 0 0 0 0 0 0 0 0 0 0 0 0 0 0 0 0 0 0 0 0 0 0 0 0 0 0 0 0 0 0 0 0 0 0 0 0 0 0 0 0 0 0 0 0 0 0 0 0 0 0 0 0 0 0 0 0 0 0 0 0 0
 0 0 0 0 0 0 0 0 0 0 0 0 0 0 0 0 0 0 0 0 0 0 0 0 0 0 0 0 0 0 0 0 0 0 0 0 0 0 0 0 0 0 0 0 0 0 0 0 0 0 0 0 0 0 0 0 0 0 0 0 0 0 0 0 0 0 0 0 0 0 0 0 0 0 0 0 0
 0 0 0 0 0 0 0 0 0 0 0 0 0 0 0 0 0 0 0 0 0 0 0 0 0 0 0 0 0 0 0 0 0 0 0 0 0 0 0 0 0 0 0 0 0 0 0 0 0 0 0 0 0 0 0 0 0 0 0 0 0 0 0 0 0 0 0 0 0 0 0 0 0 0 0 0 0
 0 0 0 0 0 0 0 0 0 0 0 0 0 0 0 0 0 0 0 0 0 0 0 0 0 0 0 0 0 0 0 0 0 0 0 0 0 0 0 0 0 0 0 0 0 0 0 0 0 0 0 0 0 0 0 0 0 0 0 0 0 0 0 0 0 0 0 0 0 0 0 0 0 0 0 0 0
 0.20234338032171548 0.13843729499212712 0.29274544026674643 0.02158287923648965 0.22187293915530779 0.1479200655144485 0.088137690745039687 0 0.16931553249943568 0.10274913892878436 0.23325144034806847 0.22316129809675789 0.26241774418222502 0.17513925326694899 0.21807103722500146 0.17310268373615842 0 0.058488171396119948 0.094305801103905559 0.22150599192319778 0.3662203566356359 0.12041733583188767 0.092572357433765587 0.082157595319914858 0.15948936577924758 0.085357922628667329 0.039123557586588351 0 0.14634609175046798 0 0.013309177610847371 0.25067225747697042 0.020011349046117483 0.19718429260515971 0 0.22750790621363806 0.15107974691339426 0.15199189593710241 0.26896810284359468 0.30154497361442345 0.17235352692258551 0.10298653871970631 0.19543972376849375 0.062791639108152053 0.074357878389683663 0 0.25576661941319878 0.13017112603693579 0.27192910070197407 0.30820421033493522 0.038498120270885131 0.1064724484460508 0.10057541448893412 0.17204325990929845 0.011336205031733416 0.12846755832866744 0 0 0.30733914024698028 0.37870040304343733 0.042089218109840613 0.37030806150018003 0 0.15804330616129264 0 0.17795503426765577 0.27408705643415954 0.053655193272212041 0.16736748988423042 0.017260158517596092 0.18721530183809681 0.065208762148014132 0.18940390128708476 0.15178852526362083 0.093060674432016585 0.1433646444242945 0.16552566135821778
 0.54492676962129361 0.51571473053445738 0.57091422371311884 0.49947433343317732 0.61092289625427298 0.55000703278097252 0.51722266330434608 0.56885636306633591 0.58533162862115062 0.7390184977607237 0.54453167124773427 0.59983190328112979 0.62704881892933673 0.61563295801991857 0.69220912700847026 0.75476623393945452 0.48671970107163587 0.53171996009131717 0.3902700364981751 0.58292760098796337 0.65594901785672444 0.53547204940225623 0.5943390453029912 0.59688568899094363 0.50090452633830718 0.58427169765656983 0.59022611278363635 0.66299143701785967 0.54580659987737534 0.50247947907093415 0.54005158053485647 0.52487711733608478 0.55194756416299662 0.73033053021676086 0.69776391395217729 0.71455131751103163 0.72441648637615008 0.6112721973038423 0.51578687941797563 0.69118223786892485 0.49023012307958097 0.54251143895873821 0.59123023872017233 0.66098746903800365 0.50906111821988342 0.58565131707311857 0.37016211500498553 0.55550452072743584 0.46985855778330532 0.66898398861008013 0.59011752348402891 0.57094444170787839 0.48836974060540267 0.60621491792505522 0.62904356640232917 0.63426259437359866 0.65354801557835807 0.53566531166618125 0.67808814405590667 0.72205130429390385 0.4600284886940455 0.62714487267006458 0.47770926233794608 0.63078087558674756 0.46026838626492445 0.61689572792365555 0.70672936489263882 0.6348119481425798 0.60867080952339703 0.60367852794554522 0.52837409549357484 0.55861780281668416 0.694405097315686 0.4644018308422676 0.67056491533637397 0.50389064014587814 0.59398689174299846
 0.86196823690421187 0.87911669385434232 0.80496653085607162 0.83999995866951416 0.84703073249137095 0.84012048653173388 0.71022085670960144 0.96031189144604412 0.85525822680057506 0.88045231226887999 0.7966983062821329 0.80447133083220512 0.99169263129523566 0.84832647568109043 0.7753299871841578 0.87467873353105674 0.71370804807606614 0.7848283597666047 0.79959848011338186 0.97608911989821467 0.7585452423419492 0.81877329469170657 0.75929547225733007 0.89315192265930132 0.8299091436908258 0.64694399013149051 0.74875395912915199 0.92079203795722453 0.78320261641129929 0.77567879575611842 0.9263821416066681 0.79566471660198457 0.84784351877275566 0.97741871258490809 0.85729149734469756 0.99397334985149988 0.89502792469271464 0.74334414065012644 0.80973957759308812 0.87963803015258135 0.78770974688350925 0.86457540535712551 0.82179656965851167 0.77543394884609895 0.87320642684072458 0.82316285032163028 0.75192031455515618 0.870515191878663 0.90458960408774147 0.7662049573769133 0.84930072251062738 0.82675435421955834 0.63876563348313153 0.86922176012663721 0.85686755548595128 0.90773197256314564 0.80374829435109552 0.78410537792870683 0.84177651922602115 0.85014814836959518 0.83385478770687538 0.82104699362927192 0.82932317483792051 0.82000465486637997 0.86345298086176037 0.88933464360700443 0.8589695794849953 0.82512453517799722 0.88628953671493416 0.82790577409006916 0.89267188250544005 0.80271050307025071 0.83237130387711822 0.83391809801412708 0.90583314143890459 0.745614434716936 0.81403062791890546
 0.76872429001883413 0.58901901688274616 0.7612647881727268 0.69805531349130301 0.83202985399325269 0.75868799887075766 0.76293075716399272 0.78846715797584643 0.80010647420221026 0.75561670305894801 0.71828062818441352 0.7021345553866053 0.8091508962589069 0.68052456612292467 0.69609873849617177 0.8065978158063879 0.62156139985883019 0.61580505040518529 0.6626796265242485 0.77272730565262648 0.75952328336598618 0.78134498722634649 0.79245699239691247 0.64863114098846064 0.66289638489726255 0.62419681774696689 0.72246887212972766 0.8170241667523559 0.51392318130955539 0.7628687617115284 0.84985146866446204 0.68344020050903975 0.6646299788801735 0.8743358566747309 0.71813674109658077 0.7623418770047059 0.73611835779759827 0.68519654521683904 0.70806773909515885 0.70625333670719059 0.88729143105654662 0.80096685029486303 0.58797336183045057 0.74073842597510131 0.82310744059708973 0.75418300577734088 0.69927741855735692 0.66189991759580014 0.7299808117925134 0.73468697251361903 0.81671750130673992 0.78261719977704058 0.68865802439751678 0.77401156911245561 0.61306356148061891 0.7791395997203957 0.75869823830187832 0.6467053278551691 0.71751247391759432 0.72842094856685957 0.79199180880338915 0.79215488643341936 0.74649507526900838 0.73590407445737405 0.69705799854535822 0.72139842990603309 0.59435661336695256 0.62897726224988171 0.78657900425748417 0.69082057027180899 0.77435990354126394 0.72416875386907986 0.80758653016460336 0.66585475707296216 0.787902416386696 0.80793438438957088 0.7365120668598969
