# Created by Octave 6.4.0, Wed Feb 08 20:45:07 2023 GMT <unknown@tumajer>
# name: gT_full
# type: matrix
# rows: 12
# columns: 77
 0 0 0 0 0 0 0 0 0 0 0 0 0 0 0 0 0 0 0 0 0 0 0 0 0 0 0 0 0 0 0 0 0 0 0 0 0 0 0 0 0 0 0 0 0 0 0 0 0 0 0 0 0 0 0 0 0 0 0 0 0 0 0 0 0 0 0 0 0 0 0 0 0 0 0 0 0
 0 0 0 0 0 0 0 0 0 0 0 0 0 0 0 0 0 0 0 0 0 0 0 0 0 0 0 0 0 0 0 0 0 0 0 0 0 0 0 0 0 0 0 0 0 0 0 0 0 0 0 0 0 0 0 0 0 0 0 0 0 0 0 0 0 0 0 0 0 0 0 0 0 0 0 0 0
 0 0 0 0 0 0 0 0 0 0 0 0 0 0 0 0 0 0 0 0 0 0 0 0 0 0 0 0 0 0 0 0 0 0 0 0 0 0 0 0 0 0 0 0 0 0 0 0 0 0 0 0 0 0 0 0 0 0 0 0 0 0 0 0 0 0 0 0 0 0 0 0 0 0 0 0 0
 0 0 0 0 0 0 0 0 0 0 0 0 0 0 0 0 0 0 0 0 0 0 0 0 0 0 0 0 0 0 0 0 0 0 0 0 0 0 0 0 0 0 0 0 0 0 0 0 0 0 0 0 0 0 0 0 0 0 0 0 0 0 0 0 0 0 0 0 0 0 0 0 0 0 0 0 0
 0.14000960492805606 0.079886714099773687 0.22538948826352892 0 0.15934194720932066 0.088249296022546012 0.031849692427132419 0 0.10807178571735392 0.045587167478633749 0.17004444052562853 0.15859291845458126 0.19451798241876181 0.11450657496576622 0.15288791399992657 0.1100573055423467 0 0.0083034729358745073 0.03800369744879753 0.15641710213281187 0.29048137457783874 0.061808560959054605 0.036278274901460981 0.030793532815932858 0.097658120874523024 0.029353976111402828 0 0 0.089625986916945649 0 0 0.18230589601032088 0 0.13194545264587076 0 0.16222250650335701 0.091144504143097022 0.092014883093286828 0.199954506050116 0.23120330347918872 0.11143743129953307 0.046800604889869257 0.13253268562377316 0.012027363049110415 0.022869798983774156 0 0.18404825452429976 0.070047689851664555 0.20217650013405628 0.23882402056917892 0 0.049103063730532345 0.038450385148123094 0.12166816776541133 0 0.067829595180792665 0 0 0.2488389108001029 0.30850672592197909 0 0.30677685232699903 0 0.084763093323110786 0 0.12760187316786248 0.22296697344709876 0 0.11935041738706273 0 0.15245670202564376 0.0071461442743901418 0.14270919427395112 0.10253739563042491 0.048285585372283855 0.08634625307358694 0.097768993478815583
 0.4593880059249284 0.43150520536487819 0.48463228693435023 0.41638577562740819 0.52238465347173113 0.4648305826044648 0.43363282914439522 0.48238947633472784 0.49815618969305564 0.64268538681309684 0.45994118332505779 0.51177486177214604 0.5372132723659907 0.52646293409695655 0.5978521158696537 0.65600704449768865 0.4064222586014547 0.44836169318069563 0.31717600862048179 0.4959458503438533 0.56339946486502102 0.45215842141186763 0.50663588684679062 0.5090165631775232 0.42068147519507065 0.4970902628871145 0.50280972499650955 0.5696029553937656 0.46275050214252256 0.42266171561918919 0.45699717202426804 0.44351958059556301 0.46771880135318089 0.6281297341502895 0.59921109084502322 0.61353106639807731 0.62313416954003464 0.52038355024095595 0.43515879893899267 0.59205450864715414 0.41341965468362568 0.46011941896637004 0.50301987783583746 0.56578129517967124 0.42987287158889564 0.4991292192908609 0.30742689077035307 0.47190635731812247 0.39619934037393906 0.57207953741098649 0.50321294789845517 0.48603216885866013 0.41239133409290019 0.51745528089481307 0.5357454177675397 0.54217442159249807 0.55803841751418504 0.45699173380986235 0.57538695518586158 0.61455306054341508 0.39332405239698448 0.53263437974324668 0.41067889753469933 0.53750810145697137 0.39390565718779919 0.52448583460249443 0.5988217332310144 0.54061656110364886 0.51380931817856956 0.51335985873082346 0.4538737734604591 0.47506258091183018 0.58496804421345239 0.40131527793222155 0.56782790411983186 0.43340672356829568 0.49937426160569387
 0.75724088280690094 0.77283017035625889 0.70387821956405816 0.73660065760669169 0.7431582157185781 0.73679460507786576 0.61550129699405631 0.84905294419400801 0.75105121142858622 0.77450361403970103 0.69633732308253005 0.70342231197061977 0.87861540350118117 0.74432241421861434 0.67601200581533527 0.76903657779840362 0.61805566520142585 0.68491118190416511 0.6987789692370342 0.86487378129419434 0.66003856187969079 0.71667936903122298 0.66056852334485316 0.78704196570670515 0.72711389961156014 0.55477142939851909 0.65080219717605603 0.81288322690618797 0.68321999805537259 0.67620696955687865 0.81784136115749206 0.69511057573816359 0.74404111447812593 0.86568431265311685 0.75291041047585816 0.88100729836576563 0.78822162014981778 0.64623606496627506 0.70837514114299249 0.77374966128047329 0.68784999150808979 0.75955061384097244 0.71964554797813185 0.67641709897753066 0.767709815107257 0.72099593603472123 0.65466648895160118 0.7650430356873642 0.79657370167475017 0.66823344755599134 0.74524660931488773 0.72440919748221677 0.55113495347479224 0.76352805170630067 0.75204107753996774 0.79853609744292808 0.70318598918430364 0.68552383930061467 0.73804757934972642 0.74569946348320593 0.73138372914906558 0.71931728484355251 0.72681665230335224 0.71815739794880451 0.757689597723185 0.78173607221666674 0.75335334240792506 0.72351923860811074 0.77672346518360957 0.72516599585757735 0.78193663861643259 0.70463117645186413 0.72982661022221229 0.73247111897834549 0.7927644199473044 0.65318249952202878 0.71329558414464989
 0.66944250743642253 0.50199268633633576 0.66286320975739754 0.6043625269850218 0.72925919910362147 0.66060366176776075 0.66421555587858061 0.68795229071530617 0.69984602467642698 0.65791303138513746 0.62166197581415927 0.60666125051177733 0.70880886538616605 0.58613493146364748 0.60162047033701249 0.70645487931245821 0.53007815794366298 0.52449790655455331 0.56929343233995555 0.6746888675822228 0.6616646949350784 0.68291596240271135 0.69343793592869063 0.55568343105901652 0.56947462498102697 0.53219400397586381 0.62669441874152121 0.71702434335871756 0.42690093516014821 0.66505770255223529 0.74813076211711116 0.58932671593346087 0.57140319552810726 0.77075299563715571 0.62240362676281613 0.66425015005576871 0.63941271244363773 0.59146605846418865 0.61305225781519923 0.61139937326538829 0.78074730968045847 0.69990281786152342 0.50156335625309634 0.64364522343832764 0.71992467261163806 0.65606308032783534 0.60542741138619749 0.57131367740371364 0.63384514419034299 0.63767638371479318 0.71241497871936288 0.68162166560415116 0.59639011449372914 0.67287357241565549 0.5290747560174377 0.67844294124158833 0.65962583315450263 0.56036141763263325 0.62343677092344096 0.63269476325526808 0.68760387690723579 0.6878609495284741 0.64844317408287167 0.63940728610076625 0.60439730620628263 0.62698421609614585 0.5203037001461408 0.54978722028234284 0.68071597333589284 0.60036942756126355 0.67135466120641973 0.62619424863278839 0.69621708379296254 0.58222327677159413 0.68013679666639382 0.69403311936944123 0.64085785919442673
