# Created by Octave 6.4.0, Wed Feb 08 21:44:34 2023 GMT <unknown@tumajer>
# name: gT_full
# type: matrix
# rows: 12
# columns: 77
 0 0 0 0 0 0 0 0 0 0 0 0 0 0 0 0 0 0 0 0 0 0 0 0 0 0 0 0 0 0 0 0 0 0 0 0 0 0 0 0 0 0 0 0 0 0 0 0 0 0 0 0 0 0 0 0 0 0 0 0 0 0 0 0 0 0 0 0 0 0 0 0 0 0 0 0 0
 0 0 0 0 0 0 0 0 0 0 0 0 0 0 0 0 0 0 0 0 0 0 0 0 0 0 0 0 0 0 0 0 0 0 0 0 0 0 0 0 0 0 0 0 0 0 0 0 0 0 0 0 0 0 0 0 0 0 0 0 0 0 0 0 0 0 0 0 0 0 0 0 0 0 0 0 0
 0 0 0 0 0 0 0 0 0 0 0 0 0 0 0 0 0 0 0 0 0 0 0 0 0 0 0 0 0 0 0 0 0 0 0 0 0 0 0 0 0 0 0 0 0 0 0 0 0 0 0 0 0 0 0 0 0 0 0 0 0 0 0 0 0 0 0 0 0 0 0 0 0 0 0 0 0
 0 0 0 0 0 0 0 0 0 0 0 0 0 0 0 0 0 0 0 0 0 0 0 0 0 0 0 0 0 0 0 0 0 0 0 0 0 0 0 0 0 0 0 0 0 0 0 0 0 0 0 0 0 0 0 0 0 0 0 0 0 0 0 0 0 0 0 0 0 0 0 0 0 0 0 0 0
 0.12240618768688959 0 0.34797740359629326 0 0.17233951258025521 0.0078301443750579715 0 0 0.057706850680897821 0 0.20745076735984133 0.1943994361148825 0.26961032532122148 0.073317527600652216 0.16282613062089279 0.053317969897807918 0 0 0 0.16304862220785313 0.49354568080524286 0 0 0 0.029878024478617142 0 0 0 0.020519118888197917 0 0 0.23887931401473825 0 0.10326961565739373 0 0.19095132999222611 0.0086963681978462406 0.019375481342597211 0.28283016596201427 0.37468246908131875 0.063278790196917137 0 0.10180704300784758 0 0 0 0.24578525853852148 0 0.3071599455614667 0.40194593365748216 0 0 0 0.1044144872423047 0 0 0 0 0.4511861624232521 0.62612682842751577 0 0.65649431486806709 0 0 0 0.14522734815227037 0.44757704593669939 0 0.14213621332687848 0 0.27142061281088009 0 0.21730528609749727 0.10143969417423927 0 0.019612976764990943 0.058107339198285736
 0.93761071537756302 0.86641824404041001 0.9945892295682468 0.84504807826567385 1 0.969801158095982 0.87215100989161509 1 1 0.8619166557188932 0.9488217171993959 1 1 1 0.9254900232414156 0.84184657024824328 0.81045572396588839 0.90130036639952904 0.58892655469805899 1 0.97833419161371749 0.93559460536589101 1 1 0.85415990452105284 1 1 0.97456069145125457 0.95345648558435936 0.85055836597044721 0.93880817989956111 0.91199368584153306 0.94976244673447063 0.88487952573288264 0.9245100497440415 0.90724771425698791 0.89276745149110037 1 0.88168748979495026 0.93068547622298459 0.83346308967950777 0.95372305598577956 1 0.98075228781430135 0.87565223730476938 1 0.55969567017337651 0.96757240830836566 0.78825701048734642 0.9666542384958432 1 1 0.82155346781863581 1 1 1 0.99289165183242722 0.94330685086778621 0.96607082127027766 0.90106677127598322 0.77789068396656436 1 0.82183649693634908 1 0.7788187528750653 1 0.92102914069476216 1 1 1 0.93922816010275922 0.9805646876189501 0.94713884170956986 0.78751041654546972 0.97426899693083813 0.87867185056031638 1
 0.6871953062436218 0.65847722990033652 0.76347891913668231 0.71842154367556887 0.70822133726818248 0.72286731241805746 0.89814423179743552 0.5512599735749012 0.6959499766047913 0.6551553333631599 0.77954704518047901 0.79432314891509914 0.50158300532181144 0.70163748685166794 0.81596793891751485 0.66419683392082296 0.89957763917370659 0.79771947854276049 0.7666282825570937 0.52376207157264443 0.83609411712772064 0.7449047687275292 0.83055473137694924 0.64814514298559756 0.73960667671249603 0.98703716246969764 0.84602664529362948 0.59950986290475305 0.79196664463365396 0.80780547780633605 0.5974775887806939 0.77429875643766288 0.70497054988001373 0.52012322778254394 0.69671965867460406 0.50204078060485013 0.6381760481059352 0.8491975291591306 0.75974677414173475 0.6653889624878413 0.79111658732204782 0.68198224859692969 0.74775180382124318 0.79856793117270697 0.66989102519747834 0.74584222111833531 0.83668895083817485 0.67396552127544651 0.63582621999657152 0.82106338992632322 0.70896971939263831 0.74069402570933607 0.99942176087921142 0.67144084793109338 0.70372459998584436 0.6231996559615004 0.76843392942066913 0.79530696170846615 0.71550688857571365 0.69886229038201331 0.72078159509778772 0.74895361395225124 0.73268306920281423 0.74596218427088468 0.6857104397884265 0.64438373604030363 0.69243811449443149 0.73796328498647201 0.65694215171321202 0.74502616600668614 0.65394455032727428 0.76250837417486017 0.72869052670735979 0.7202312362474772 0.6328167457258661 0.84626393295974811 0.74939427331799657
 0.81357667215101936 1 0.82357867021470643 0.91254981075172426 0.72259431578874034 0.82719183138216368 0.81672221404279521 0.78580167927321964 0.76768674638937362 0.82657422064592168 0.88674764124389682 0.89415377961427345 0.74923375344562348 0.9356079602092422 0.91214149709907355 0.75807990831140382 1 1 0.96626612435661352 0.81152601756465292 0.82615768894804387 0.79391962125947468 0.77802492411406554 0.98193315411323112 0.96107443499904999 1 0.87951700713008796 0.74239666265221038 0.88688849726749264 0.82126567241701565 0.69022227529311087 0.93119720027660757 0.96341950909410312 0.66613210863766215 0.89125343025926218 0.81771992372179159 0.85542319256034549 0.93843297602135456 0.90066906787533485 0.89337967789240558 0.64618169188809071 0.77396038474445239 1 0.84979109607136794 0.73391037608082432 0.83110244101017394 0.90821990866876745 0.96015928940627659 0.8603325875439275 0.85464214571523567 0.74587419664904908 0.79271602352075121 0.92253554457928655 0.80635285030509962 1 0.79769358807332291 0.82640094154899224 0.97776009230853755 0.88136560427594457 0.86752713507844392 0.78369511496482713 0.78776184979843245 0.84351092560643459 0.85293630536718135 0.91071401689696041 0.88064376772758457 1 0.99459871816564871 0.79866640590792803 0.91699640942560046 0.81306424394144439 0.87719880772320868 0.76991572808387954 0.9451171093718963 0.79928147781864423 0.77298873110450372 0.85057038140869556
 0.5806240703465988 0.39699845992767757 0.57998106541412664 0.62988402011906641 0.90634912731949291 0.54454612959407567 0.92117982454022462 0.34536518331913418 0.81377843218154122 0.63087561672192227 0.33382987497806554 0.58626223681408585 0.56447345162742302 0.56662831911261968 0.57898619663053963 0.39678157138554931 0.31614172214936281 0.56579943394881604 0.48509702454386561 0.81487800107741382 0.60521819635896312 0.905328840964572 0.53644944012743367 0.20895978031997764 0.4666676342197556 0.39999734701628664 0.50110110519378248 0.73650423932895304 0.96126125255082928 0.17005119082013959 0.43368580359286774 0.75315385843053839 0.4381473551884183 0.47497839445843398 0.30229879018541916 0.76867367980384016 0.40290299389713707 0.33745084288929333 0.10034910246884877 0.45032461027113468 0.23240544678113509 0.90721031782241512 0.59716027912703395 0.82024489674071066 0.39138640533996805 0.77575037873150821 0.22471273120833674 0.68710622553001388 0.40546243259422898 0.69308970157740335 0.36582159989925994 0.40695190450700225 0.63332355461404777 0.34298192585584342 0.58415237376313367 0.33230692490161223 0.57041421943172743 0.57481335467314698 0.616299114747766 0.99221186978141396 0.40636803216910189 0.61838019148936019 0.65283041089056071 0.89935547940998439 0.45635746813780126 0.64008895981543346 0.50139155477585462 0.36686057688853818 0.54730897099468956 0.51695670176627806 0.49972580574209813 0.6018672011029389 0.64574361487870113 0.42779026190285807 0.39346999095279156 0.72625289334382614 0.50694703550953801
 0 0 0 0 0 0 0 0 0 0 0 0 0 0 0 0 0 0 0 0 0 0 0 0 0 0 0 0 0 0 0 0 0 0 0 0 0 0 0 0 0 0 0 0 0 0 0 0 0 0 0 0 0 0 0 0 0 0 0 0 0 0 0 0 0 0 0 0 0 0 0 0 0 0 0 0 0
 0 0 0 0 0 0 0 0 0 0 0 0 0 0 0 0 0 0 0 0 0 0 0 0 0 0 0 0 0 0 0 0 0 0 0 0 0 0 0 0 0 0 0 0 0 0 0 0 0 0 0 0 0 0 0 0 0 0 0 0 0 0 0 0 0 0 0 0 0 0 0 0 0 0 0 0 0
 0 0 0 0 0 0 0 0 0 0 0 0 0 0 0 0 0 0 0 0 0 0 0 0 0 0 0 0 0 0 0 0 0 0 0 0 0 0 0 0 0 0 0 0 0 0 0 0 0 0 0 0 0 0 0 0 0 0 0 0 0 0 0 0 0 0 0 0 0 0 0 0 0 0 0 0 0


