# Created by Octave 6.4.0, Sun Jul 23 11:41:25 2023 GMT <unknown@tumajer>
# name: gT_full
# type: matrix
# rows: 12
# columns: 77
 0 0 0 0 0 0 0 0 0 0 0 0 0 0 0 0 0 0 0 0 0 0 0 0 0 0 0 0 0 0 0 0 0 0 0 0 0 0 0 0 0 0 0 0 0 0 0 0 0 0 0 0 0 0 0 0 0 0 0 0 0 0 0 0 0 0 0 0 0 0 0 0 0 0 0 0 0
 0 0 0 0 0 0 0 0 0 0 0 0 0 0 0 0 0 0 0 0 0 0 0 0 0 0 0 0 0 0 0 0 0 0 0 0 0 0 0 0 0 0 0 0 0 0 0 0 0 0 0 0 0 0 0 0 0 0 0 0 0 0 0 0 0 0 0 0 0 0 0 0 0 0 0 0 0
 0 0 0 0 0 0 0 0 0 0 0 0 0 0 0 0 0 0 0 0 0 0 0 0 0 0 0 0 0 0 0 0 0 0 0 0 0 0 0 0 0 0 0 0 0 0 0 0 0 0 0 0 0 0 0 0 0 0 0 0 0 0 0 0 0 0 0 0 0 0 0 0 0 0 0 0 0
 0 0 0 0 0 0 0 0 0 0 0 0 0 0 0 0 0 0 0 0 0 0 0 0 0 0 0 0 0 0 0 0 0 0 0 0 0 0 0 0 0 0 0 0 0 0 0 0 0 0 0 0 0 0 0 0 0 0 0 0 0 0 0 0 0 0 0 0 0 0 0 0 0 0 0 0 0
 0.42494561609045589 0.31558193412911956 0.59471650422065292 0.11029764499183813 0.45989681152426892 0.33869375698944576 0.23040013761661143 0 0.37706507045112614 0.2564961292147877 0.48617132662689438 0.48053570390574674 0.53874094677301387 0.38707542107110671 0.45830979399997335 0.37685775281841694 0 0.175696212504695 0.24683221738027403 0.45788442668537882 0.71337383425508172 0.30040684912151372 0.24367597334098623 0.22487194518708392 0.3585071435274616 0.22444906392691949 0.14725980353616877 0.075981320547926931 0.34157016132418355 0.078401441377384098 0.094829170479161368 0.51818458501781495 0.088266486139475339 0.41544112454847321 0.074024106784644675 0.47708258750496552 0.3389753321484642 0.34717477522582757 0.54629137998094979 0.61176293632206036 0.37812474350224695 0.25272427576866457 0.40739740268860086 0.18017838029517161 0.22026956522176105 0 0.5231609731712431 0.30226965224362456 0.55878727720471522 0.61804792403451325 0.14906537274563028 0.26566223832797564 0.24220990802963893 0.37783906689317875 0.099693009199276164 0.29884519034320783 0.052385590162928056 0.041372531980676905 0.60955077966616567 0.74496019335260222 0.15484870886146593 0.735956389703317 0.063244301826507643 0.35803300221661466 0.029072039107212691 0.38751762506094278 0.56138193373169731 0.16877014104528856 0.37444241665400474 0.10271567768497797 0.39742453130580058 0.18290222534142078 0.40115899398266319 0.3393352595482636 0.24566814302879442 0.33020287781693269 0.37654028575000303
 1 0.98866246197373797 1 0.97222571102084532 1 1 0.99185818077943511 1 1 0.90726553366005669 1 1 1 1 0.97562812284107958 0.88262612219703718 0.94285547468560305 1 0.77448403663090271 1 1 1 1 1 0.97405211964247029 1 1 1 1 0.97016950486303155 1 1 1 0.92248178528776426 0.96832892863098652 0.94746648449037929 0.93197337804871727 1 0.99367910795879755 0.97345381279143184 0.95366178737060858 1 1 1 0.98747954921691428 1 0.73600912272277952 1 0.916293151996739 1 1 1 0.94317987423658389 1 1 1 1 1 1 0.93151511393114972 0.89763333818940616 1 0.92943534899142866 1 0.89766861683920662 1 0.95074860152096896 1 1 1 1 1 0.97645998463332806 0.89754607984282897 1 0.97503251375721145 1
 0.71209913068154163 0.67936223102953075 0.79611125980949682 0.74630869798136501 0.73512478527621605 0.7514834335010192 0.9451089478285013 0.5619229757805575 0.72197195857799978 0.67672312830507464 0.81433193489678868 0.82986175300824827 0.50708766236701641 0.72764918000194756 0.85393445210771535 0.68637444293378302 0.94582775420342302 0.8338823875649789 0.79968660483211629 0.53274241936787636 0.87586561180601741 0.77557101491189118 0.86952611312425798 0.66980122886058369 0.76969111243594235 1 0.88691244620945597 0.6158930300408999 0.8274134219351611 0.84497942655584757 0.61310746249863812 0.80821919552324495 0.73163882657377455 0.52749630414255655 0.72251676532541076 0.50715220722017051 0.6576742060184545 0.89132339548688488 0.79227557362050161 0.68769744446536718 0.82712428316691278 0.70600414576750847 0.77902875429496388 0.83551791639636197 0.69251267637862013 0.77697426552535054 0.87821686372999719 0.696835051542955 0.65423576140073292 0.86132225125297979 0.73590706862002742 0.77148417192323793 1 0.6935322908698377 0.7296888263444693 0.63846820338576271 0.80244128545238047 0.83346306781541901 0.74260967283802481 0.7239279117806765 0.74967325863300749 0.78101435672452768 0.762485919254003 0.77723995903900933 0.70881466752806688 0.66253838254041431 0.71602053020169554 0.76944652911779021 0.67310333797025368 0.77630941776650186 0.66875387481563664 0.79956852419814806 0.75844950100074016 0.7505616797741681 0.64283705810481018 0.89550169474932739 0.78220452034487808
 0.8509461123331773 1 0.86283196987729494 0.96253818430935689 0.75140538200868345 0.86708303216807192 0.85491074137400636 0.82025839625522246 0.80196518537032746 0.8666042765628299 0.93105066873603193 0.93990809835853051 0.78233067434984616 0.98512174476415981 0.9605912767018403 0.79196294953141488 1 1 1 0.85095413238664352 0.86623985133348658 0.83185865157000927 0.8143624967664842 1 1 1 0.92478930776555701 0.77576166569036875 1 0.86119669093182272 0.71857177717531051 0.98094458487385383 1 0.69121808441819976 0.93751724285849414 0.85682158940137232 0.89824773877080233 0.98970638169285619 0.94821259237616495 0.94009537699454615 0.66591642275038065 0.80766509452945257 1 0.89177290674412257 0.76205424434479452 0.87083024222009919 0.95750262724278135 1 0.90377724197784781 0.89645581786828399 0.77277645763293223 0.8266103114315082 0.97479592604042986 0.84030616292260119 1 0.83231902912131439 0.86457957625331994 1 0.9295586574955319 0.91238123905933644 0.81218263664053181 0.81748012006198045 0.88391938400753711 0.89507346871148041 0.96185531444132533 0.9290286274535583 1 1 0.82626943142300247 0.97167510366251619 0.84552891096671856 0.91910634446875539 0.78761074635552775 1 0.82419675068909015 0.78708158544388807 0.89413465655036262
 0.76769184733204943 0.63213818076681738 0.77060449653500662 0.80760065603723741 1 0.74281324485411204 1 0.59066149656872935 0.94802167706410934 0.80930100722475018 0.58181552704225648 0.77471384925349762 0.75783664327133182 0.76028815919969239 0.76930404195842106 0.63208987020585261 0.5713809351914354 0.75900523262514386 0.69849094094264996 0.94357981083542286 0.78776060779846224 1 0.73722682928195293 0.49871581477111782 0.68656566336203562 0.63879036575381554 0.71180138994629394 0.88012583690576551 1 0.47789928743071508 0.66467298595412849 0.88930964274657864 0.6680295501429564 0.69455308901880519 0.57420507696784817 0.89888051384764789 0.64379854364600253 0.59817104236897911 0.43099344975496734 0.67690915975360633 0.52122983977221993 1 0.78105633171439914 0.94205002684467098 0.63157718055332723 0.91258535706756849 0.50573656228662311 0.84950343152294061 0.63909558509263387 0.85472422336305465 0.60532082302491985 0.63559509216990728 0.81191014491027913 0.58055513969377315 0.77536993176840541 0.56896375691823786 0.75700252412177793 0.77307437529771594 0.81455873840542203 1 0.62393397123924199 0.80561288572386092 0.83463907549797234 1 0.65118929926010705 0.83331555138530566 0.6972709995565961 0.58036759371755831 0.74354365498675767 0.70942194789244151 0.7134993602980354 0.793963996754946 0.84261321170621428 0.63667065726268368 0.58984440987103004 0.92490499917238267 0.69985517306569811
 0 0 0.053879809753501241 0.10831395649581693 0 0 0.10103166942317422 0.22013782123192557 0.11685890587312305 0.064899151717182149 0 0 0 0 0 0.021561146383691492 0.061132963169211005 0.06921413933933547 0 0 0 0.072467245167370603 0 0.15495817640669698 0 0 0 0 0.26078044370052023 0 0.2164503566628706 0.12410466340117465 0 0 0 0.012943411783703826 0 0 0 0.0097921307797695749 0 0 0.096678142112371648 0.0060210919703716876 0 0 0 0 0 0 0 0 0 0 0.21574281561900804 0.15195107088416898 0 0 0 0 0 0.030622709548836231 0 0 0.049839172257450701 0.098517775012086084 0 0.094014456262192736 0 0 0 0.046919793279372818 0.00018698602260690451 0 0.0023031419288671571 0 0
 0 0 0 0 0 0 0 0 0 0 0 0 0 0 0 0 0 0 0 0 0 0 0 0 0 0 0 0 0 0 0 0 0 0 0 0 0 0 0 0 0 0 0 0 0 0 0 0 0 0 0 0 0 0 0 0 0 0 0 0 0 0 0 0 0 0 0 0 0 0 0 0 0 0 0 0 0
