# Created by Octave 6.4.0, Wed Feb 08 14:22:22 2023 GMT <unknown@tumajer>
# name: gT_full
# type: matrix
# rows: 12
# columns: 77
 0 0 0 0 0 0 0 0 0 0 0 0 0 0 0 0 0 0 0 0 0 0 0 0 0 0 0 0 0 0 0 0 0 0 0 0 0 0 0 0 0 0 0 0 0 0 0 0 0 0 0 0 0 0 0 0 0 0 0 0 0 0 0 0 0 0 0 0 0 0 0 0 0 0 0 0 0
 0 0 0 0 0 0 0 0 0 0 0 0 0 0 0 0 0 0 0 0 0 0 0 0 0 0 0 0 0 0 0 0 0 0 0 0 0 0 0 0 0 0 0 0 0 0 0 0 0 0 0 0 0 0 0 0 0 0 0 0 0 0 0 0 0 0 0 0 0 0 0 0 0 0 0 0 0
 0 0 0 0 0 0 0 0 0 0 0 0 0 0 0 0 0 0 0 0 0 0 0 0 0 0 0 0 0 0 0 0 0 0 0 0 0 0 0 0 0 0 0 0 0 0 0 0 0 0 0 0 0 0 0 0 0 0 0 0 0 0 0 0 0 0 0 0 0 0 0 0 0 0 0 0 0
 0 0 0 0 0 0 0 0 0 0 0 0 0 0 0 0 0 0 0 0 0 0 0 0 0 0 0 0 0 0 0 0 0 0 0 0 0 0 0 0 0 0 0 0 0 0 0 0 0 0 0 0 0 0 0 0 0 0 0 0 0 0 0 0 0 0 0 0 0 0 0 0 0 0 0 0 0
 0.1440450716648822 0.084379821805958669 0.28830777593846968 0 0.21961798261030419 0.080649492467355421 0 0 0.11467229112725265 0.0257192070696661 0.21431852962051534 0.21839439360726712 0.22333721860647684 0.12416976967572592 0.15501155823668381 0.12519057226977565 0 0 0 0.19099788292522582 0.40109196760309074 0.032056582093680827 0.018088617617232985 0 0.10051053496905343 0 0 0 0.099148348695698829 0 0 0.21804404176432382 0 0.12186488522153315 0 0.20830561816193618 0.080751162026652876 0.10220339177539209 0.27896015692069542 0.27608024645851603 0.12606738839509044 0.024737254760070895 0.15770013432249555 0 0 0 0.21806962981738975 0.041511446839027875 0.25713416636477454 0.30776505168599705 0 0.033764833945390739 0.03298941426873437 0.11926585996718254 0 0.038419236286608878 0 0 0.32594936103168504 0.41570184274275446 0 0.39977402710077509 0 0.082069860802121614 0 0.12486201870648884 0.27672938030929195 0 0.10638104543761674 0 0.18567841987459524 0 0.16146726399555311 0.108066455816139 0.041410076812397993 0.081717220912923938 0.096271836824640189
 0.63021974390410196 0.63884921957537111 0.72568739734949395 0.61099904940261407 0.75775745488380408 0.66519263407362406 0.61183880855374961 0.69115765971448495 0.69574714782927305 0.92811598839659359 0.64286609690959029 0.69152824001480706 0.77162012667969926 0.76902716239782698 0.85354968961458977 0.96729200261534576 0.58473131281394253 0.64360509570394686 0.42725581222223907 0.70143818296580829 0.80538033390797514 0.64874018258927002 0.74624830078954285 0.75455311008918247 0.60007987221767023 0.72711101444688486 0.73023985243691503 0.82672465018490615 0.67328668114724677 0.59851142574078109 0.67035982770526192 0.63993624217276734 0.66271620949534105 0.90787529855726856 0.85856673274528683 0.90015687964042479 0.91440593446817275 0.72453647188424053 0.63282840533562335 0.83906519832809856 0.58006850587788572 0.66095396971705878 0.69343713028178089 0.81749841414813185 0.62480659659381421 0.69159393212359543 0.42836576571244622 0.68373951210645756 0.56815533581461375 0.8029898406714896 0.73088786802177541 0.72369309332633402 0.58870894991731149 0.73870007552402328 0.78030598490209446 0.80423102025490834 0.81443086715686608 0.66572747545398525 0.81317227734301134 0.8954524762787196 0.54132976883783046 0.76216371680672712 0.5816019604602759 0.7751324135530292 0.54258268126331499 0.76339009301814165 0.86245589321749982 0.77360647271644678 0.72387546648624157 0.74064544464181525 0.65175566048096389 0.68908749503004529 0.84825342123196645 0.57209543158228815 0.8234450062692098 0.6204413379171585 0.71563856897579825
 1 1 1 1 1 1 0.88660066034441631 1 1 1 1 0.98993855465382163 1 1 0.96846086212408899 1 0.87497411803378844 0.9967240007285596 1 1 0.94832425196859815 1 0.9538043521822881 1 1 0.78762704290709695 0.94898247350295417 1 0.99807878591784338 0.97250057388567124 1 1 1 1 1 1 1 0.93215799415264977 1 1 0.99556986674846926 1 1 1 1 1 0.94497996762761305 1 1 0.98045248676724361 1 1 0.77810527262428075 1 1 1 1 1 1 1 1 1 1 1 1 1 1 1 1 1 1 1 1 1 1 0.95688553922458885 1
 0.96408817589122664 0.71545256015637237 0.95419082984563564 0.86548486109665557 1 0.95113436611733748 0.94729559117572282 1 1 0.94295581142382356 0.88862983171396259 0.87140527584749916 1 0.84019712571692506 0.85382403581261457 1 0.76057562042423632 0.72184374091469339 0.81581057519685918 0.96618816739715063 0.95662306126816854 0.98437030341845844 1 0.78538555456776771 0.80701617851093366 0.75499220023315861 0.89473391817589076 1 0.59978085781265655 0.96885431126422095 1 0.84333351776121923 0.81039092391673684 1 0.90401635344228448 0.95802693512605697 0.92504515651434094 0.84707777933357609 0.88992356974220799 0.86271078761381115 1 1 0.68476247661128531 0.93191864643252154 1 0.94076941531373004 0.85862467876084825 0.8113011083784285 0.90664747667374224 0.927748519565334 1 0.98424858029950335 0.84956089459336692 0.97596790719897131 0.75155596486762233 0.98362163564565863 0.94558214963283205 0.79460878271860158 0.89997474720948112 0.90931676896057623 0.98335248603425984 0.99767144748963965 0.94678988123629138 0.91464490137948895 0.86158245548386891 0.90526261277154652 0.73842595059981575 0.77853903736244068 0.97268059888912306 0.86014094785957484 0.96717580579454809 0.90399409060494706 1 0.83188385898550199 0.98178674348052941 0.99737926440788127 0.9252851617692307
 0.42951413731138416 0.32805033117975446 0.42663023004001233 0.44605317602992411 0.60902065930028382 0.40141904193430883 0.6298279685363386 0.28890985011993098 0.55797046551795659 0.44524344021241286 0.27683632130309999 0.38871116341370043 0.41618456312253332 0.40888231136809156 0.40111655316940231 0.30577786017976083 0.24471012438243908 0.40917846328072083 0.35823441524228955 0.56964115237522917 0.43939017774885852 0.64091924311842419 0.38277986015220172 0.19293887071164265 0.35022612707359524 0.3105690165986229 0.35201085837258467 0.52193655926421512 0.84452734727634593 0.17886279550448614 0.32069836539559815 0.54468434146733524 0.33923098287745218 0.34009945352904392 0.24365098105712873 0.5293569794097277 0.29935497398144606 0.26193740330663395 0.12180427628777331 0.34565094099396071 0.1955648447470929 0.60114468502334262 0.432795297649538 0.58480881501936099 0.2944011395105523 0.54212439032820547 0.18996289829152951 0.48606062042301157 0.31996113941640153 0.51289459715466967 0.29602059534854031 0.30144966012697938 0.45600234142661644 0.27892915236532706 0.41648246923846721 0.27525946516494593 0.41918563762624178 0.39703358190956289 0.42440540011270461 0.66457786287523213 0.31479612325313872 0.44128409966597965 0.47270818701612394 0.59636840164960669 0.35982639173190717 0.44815514210792112 0.35925445785261273 0.30262854022315971 0.40031805005986737 0.38478272028796773 0.36523025873935522 0.43515072175276043 0.44638746164244014 0.32846406496187047 0.30587628955955792 0.50814056159336085 0.38584637981841635
 0 0 0 0 0 0 0 0 0 0 0 0 0 0 0 0 0 0 0 0 0 0 0 0 0 0 0 0 0.01161012653884567 0 0 0 0 0 0 0 0 0 0 0 0 0 0 0 0 0 0 0 0 0 0 0 0 0 0 0 0 0 0 0 0 0 0 0 0 0 0 0 0 0 0 0 0 0 0 0 0
 0 0 0 0 0 0 0 0 0 0 0 0 0 0 0 0 0 0 0 0 0 0 0 0 0 0 0 0 0 0 0 0 0 0 0 0 0 0 0 0 0 0 0 0 0 0 0 0 0 0 0 0 0 0 0 0 0 0 0 0 0 0 0 0 0 0 0 0 0 0 0 0 0 0 0 0 0
 0 0 0 0 0 0 0 0 0 0 0 0 0 0 0 0 0 0 0 0 0 0 0 0 0 0 0 0 0 0 0 0 0 0 0 0 0 0 0 0 0 0 0 0 0 0 0 0 0 0 0 0 0 0 0 0 0 0 0 0 0 0 0 0 0 0 0 0 0 0 0 0 0 0 0 0 0


