# Created by Octave 6.4.0, Wed Feb 08 19:45:56 2023 GMT <unknown@tumajer>
# name: gM_full
# type: matrix
# rows: 12
# columns: 77
 1 0.80362271359290727 0.87690160388673488 0.85467424585908469 0.86838112899589215 0.87690160388673488 0.57937487215791672 0.81926536153161233 0.88121237242245865 0.68046216656643765 0.61475887086476966 0.87690160388673488 0.81231548601963355 0.49116968104186048 0.75414746799476629 0.55594611332119104 0.50563948665121006 0.8901485459426266 0.49116968104186048 0.56724140303004345 0.64945344225041279 0.74570553426846142 0.64516504493649396 0.71011688544285223 0.55185843875919538 0.81221853424892965 0.67325737955725962 0.83583995937833389 0.79171114384168007 0.87690160388673488 0.78171512635316442 0.74164260096873413 0.79487939072278413 0.58265284985708798 0.87690160388673555 0.86781548825290722 0.59884091621373636 0.74431527933392871 0.66364479649927333 0.87690160388673488 0.49116968104186048 0.64006159757354553 0.7652876476361683 0.56718960970407073 0.73046489524141267 0.79392944092162843 0.52064599268016709 0.82242513015346885 0.63412163777529174 0.70915216968159589 0.71362191242291584 0.82831500319300544 0.61727178108464209 0.83323949724077595 0.7478489570404504 0.49116968104186048 0.49116968104186048 0.79759407707980667 0.70273439985607411 0.49116968104186048 0.61975736566323836 0.87690160388673488 0.87293071514498066 0.96271011484894076 0.87690160388673488 0.87677344574265903 0.49116968104186048 0.58880098602994035 0.60961005064889962 0.61397657573070419 0.87690160388673488 0.5815948619759459 0.49116968104186048 0.87690160388673488 0.49116968104186048 0.49116968104186048 0.82310658458944963
 0.97969581512851545 0.7129199180295529 0.49116968104186048 0.74379029389363116 0.52275011339445843 0.78718009277428125 0.769102567166291 0.57838662531064811 0.96618947289171464 0.84887424686247259 0.75337719644969492 0.49579454406076784 0.49116968104186048 0.87690160388673488 0.70903097844605922 0.8420602536020183 0.8732650094600547 0.72702669841124545 0.87690160388673488 0.86267103344657758 0.57650766979829404 0.82359879839756134 0.88031739662905695 0.76958153474668589 0.86971988449345705 0.67343912673545403 0.87724948019254101 0.75980121155863223 0.66108919009938416 0.56659289385384592 0.66360198621849642 0.68725063379649753 0.67822778288322461 0.77382176376371248 0.85593466629337744 0.93340634829460634 0.75599647471609333 0.71284897581744988 0.75395499933271526 0.71315859095915723 0.87690160388673488 0.67370063895674526 0.93524948237232508 0.74333110527141144 0.63639263643417809 0.68807939608631141 0.86954558481890443 1 0.67341685977338128 0.91482192148655928 0.802044579695254 0.85003295524265399 0.8469121814953291 0.65710241308732564 0.7484482139551023 0.87690160388673488 0.87690160388673488 0.80816452656901194 0.63860330731608805 0.87690160388673488 0.81023855159177249 0.60089810686400547 0.49116968104186048 0.50307107019380048 0.97331485839604903 0.67133920288364479 0.87690160388673488 0.79923088297689471 0.76187711795810731 0.80164017479605365 0.88369908178858847 0.84689133051424537 0.87690160388673488 0.7677558270780207 0.87690160388673488 0.87690160388673488 0.52318341050185035
 0.49116968104186048 0.64950444954514219 0.87690160388673488 0.70177133958475113 0.84438096372641613 0.73292946733553921 0.66013301287577475 0.8091623158730139 0.88236874988552672 0.6243197542228559 0.80263002261331373 0.87187470837106329 0.87690160388673488 0.49116968104186048 0.76320723699698945 0.49116968104186048 0.84836101466146563 0.80822158901693408 1 0.49116968104186048 0.85199379097816152 0.63660031523777838 0.98788286533505121 0.7836832173813002 0.49116968104186048 0.94248789581643488 0.56114713740002353 1 0.72101101478109697 0.80064631772402972 0.72752870033750416 0.7254650325824844 0.57940708172316269 0.60805921397093954 0.5054544465210582 0.50640114793920576 0.74852537622639137 0.83725999577199028 0.56312725580376899 0.50414795144529323 0.49116968104186048 0.77412516037962975 0.66603438409891114 0.49116968104186048 0.79701682451741374 0.74506086355377066 0.82175948214467986 0.9095546086056826 0.74038019467367677 0.81369354809538763 0.93716107196393039 0.49116968104186048 0.76684490679259709 0.85631786066129845 0.68562230508637934 0.5127800043664944 0.59327610354478644 0.70763418908466003 0.64533907106746202 0.49116968104186048 0.74685973238996017 0.86056290419770132 0.87690160388673488 0.87134051098048082 0.71696324428942337 0.67776758557239103 0.7572807110748585 0.56616128315245362 0.49116968104186048 0.84192857978646152 0.88101344272497695 0.49304930742801589 0.78377163178986753 0.64940961626340321 0.49116968104186048 0.89173159522301759 0.83497144438386495
 0.87690160388673488 0.73095080183341188 0.73423993337733284 0.70036206931915257 0.853112417184827 0.61367535477461121 0.73931371386714051 0.66105987801839194 0.63625339864193553 0.83043768297857412 0.55763860756000738 0.76820116011427519 0.7476205610283807 0.87690160388673488 0.54968064540311679 0.87690160388673488 0.77797200827604296 0.70545799888008121 0.57250685901719134 0.87690160388673488 0.77591818215274722 0.89926116615648399 0.55140116777280579 0.65657760985707492 0.87690160388673488 1 0.86230849383706454 0.91760508579264544 0.61782806533585843 0.76196029246049324 0.77941357108185516 0.57946635216330511 0.89111100427195256 0.66236759695882197 0.86252734679996257 0.86502079608710303 0.53402194988287477 0.70137176410735991 0.82955081996718638 0.85908426778057645 0.87690160388673488 0.53807616392866042 0.49116968104186048 0.87690160388673488 0.90674773446267443 0.83603255400594323 0.53106870753135738 0.84000583598775247 0.68497910547997809 0.71337371478479938 0.82373158758231202 0.87690160388673488 0.67017348026188317 0.56647742428092096 0.71086524334676915 0.85042432992641415 0.65693364794278475 0.92609813302366073 0.86154062514810137 0.87690160388673488 0.61715324453186426 0.886913378164083 0.78154438192209741 0.71984199654981029 0.85363562506783286 0.6101111421772013 0.82700262695447924 0.84340763603280611 0.87690160388673488 0.49116968104186048 0.74311217920541639 0.87362914347687215 0.53712651454295934 0.73776630794027964 0.87690160388673488 0.7502283025824964 0.91981315596638347
 1 1 1 1 1 1 1 0.83804070351116011 1 1 1 1 1 1 1 1 0.63890472570068291 1 1 1 1 1 1 1 1 1 1 0.94839674225194459 1 1 1 1 1 1 1 1 1 1 1 1 1 1 1 1 1 0.89317457605875372 1 1 1 1 1 1 1 1 1 1 1 0.49116968104186048 1 1 1 1 1 1 0.76842007180429606 1 1 1 1 1 1 0.94280990187149794 1 1 1 1 1
 0.49116968104186048 1 0.49116968104186048 1 1 1 1 1 1 1 0.49116968104186048 1 0.70087434387904046 1 1 1 1 0.73920058283831336 0.49116968104186048 0.51630525558289397 1 1 1 1 1 1 1 1 1 1 1 1 1 1 1 0.83443852032661914 1 1 0.49116968104186048 0.56947339266230979 1 1 1 1 1 1 0.49116968104186048 0.95592166692774372 0.49116968104186048 1 1 1 0.49116968104186048 1 1 1 1 1 1 1 1 0.49116968104186048 1 1 1 1 1 1 0.98275683652202506 1 1 1 1 1 1 1 0.49116968104186048
 0.9513890613483873 1 1 1 1 1 1 0.91974779730919032 1 1 1 0.76521237182670854 1 1 0.49116968104186048 1 1 1 0.95626105446797671 0.4957405258046555 1 1 1 1 1 1 0.49116968104186048 0.49116968104186048 1 1 1 1 1 1 1 1 1 1 1 1 1 1 1 1 0.82517010386320844 0.68956699504909436 1 1 0.5851938363910093 1 1 1 1 1 1 1 0.49116968104186048 1 1 1 1 1 1 0.56879246037182063 0.50545249890757826 1 1 1 1 1 1 1 1 1 1 0.94646891932371813 1
 1 0.69020756527079907 1 0.69722703653517293 1 1 1 1 1 0.49116968104186048 1 1 0.9031432328124902 1 1 1 1 1 0.49116968104186048 1 1 1 1 1 0.88763276083833087 1 1 1 0.69101547857283918 1 1 0.7958326932025348 1 1 1 1 1 1 1 1 1 1 1 1 1 1 1 1 1 0.97892594505544872 1 1 0.49116968104186048 0.85410586070902372 1 1 1 1 1 1 1 1 1 1 1 0.49116968104186048 1 1 1 1 1 1 1 1 1 1 1
