# Created by Octave 6.4.0, Wed Feb 08 20:45:07 2023 GMT <unknown@tumajer>
# name: gM_full
# type: matrix
# rows: 12
# columns: 77
 0.58547711645896128 0.39649152754029066 0.46100933409142236 0.45202085288515559 0.45157729198492397 0.46100933409142236 0.28547411635013015 0.43269039608669807 0.45908536130210348 0.36264829784296759 0.31433678851428903 0.46100933409142236 0.43700661511139088 0.25822031409153606 0.40055051144942155 0.35569024756528073 0.25822031409153606 0.46184286096636418 0.25822031409153606 0.29772782040425277 0.33702500422563486 0.38550328397071104 0.34002982196097181 0.37323519144624329 0.28211843386579166 0.43449731399835917 0.3507790043072731 0.44453173257534223 0.41158671267124591 0.46100933409142236 0.39980076717048613 0.38552399647602376 0.42559899487342806 0.29343097652718397 0.46100933409142236 0.46100933409142236 0.30753722035976627 0.37565597320357086 0.35022560979472678 0.46100933409142236 0.29200750538326492 0.31149573943177783 0.40066513308127344 0.29067780515696584 0.38418835483428987 0.41013559691333251 0.27486006539469077 0.42541545128062996 0.35018531112075468 0.36287243019725546 0.37724007165739615 0.42978987283834663 0.32674523097478786 0.43295208468702662 0.40500777328219445 0.25822031409153606 0.25822031409153606 0.46100933409142236 0.36431058580467257 0.25822031409153606 0.30161871365755261 0.46100933409142236 0.44878416455557413 0.49806445694420831 0.46100933409142236 0.44860493823872 0.25822031409153606 0.30114004016417312 0.31029476983540299 0.41873352266840014 0.46100933409142236 0.29626935308483826 0.25822031409153606 0.46100933409142236 0.25822031409153606 0.25822031409153606 0.42627543737798662
 0.50917451996420704 0.37660594750391607 0.25822031409153606 0.38172760587908688 0.27127438158890188 0.40423348834262435 0.42488489374862359 0.29268437700670874 0.50143790712787717 0.44306593327214439 0.40321492952366689 0.25822031409153606 0.25822031409153606 0.46100933409142236 0.36605145435987502 0.41211829424148827 0.46100933409142236 0.37662253010581598 0.46100933409142236 0.45232151082912769 0.30706104530464551 0.42970936425869122 0.46108826741756254 0.40048167405828161 0.45703178601310829 0.3442160729718286 0.45692154485346598 0.39223563277460383 0.34433957411581884 0.29308909994529814 0.35208545620636866 0.36074015874783161 0.34997688538608696 0.41890713119606543 0.44185826610617146 0.48444718749114885 0.40183136571505768 0.37388852882933599 0.39101915070023946 0.36790205075341076 0.45973967701220575 0.38174939546752296 0.48723477349834865 0.40211637111771859 0.32990140807477109 0.35532731782953481 0.45581780718906806 0.52271278214313255 0.329553284183003 0.47526714911718043 0.41652233457010124 0.4402817871926622 0.44217194424359918 0.34416290169993008 0.38456278499310415 0.46100933409142236 0.46100933409142236 0.41783259080511459 0.33813523240538057 0.46100933409142236 0.43581377129601745 0.30459029707031865 0.25822031409153606 0.26259243424219841 0.50716551502236829 0.35218903634808291 0.46100933409142236 0.42490105341563539 0.40700880820036928 0.37527189765560481 0.45758146689105228 0.44659418198565737 0.46100933409142236 0.39832211177433324 0.46100933409142236 0.46100933409142236 0.27347209996288202
 0.25822031409153606 0.33291586034973764 0.46100933409142236 0.3669939649175113 0.44669624669629276 0.38009636724291879 0.33059874159364638 0.43116522617899966 0.45411332510259467 0.31691389498094419 0.41463263625202962 0.46100933409142236 0.46100933409142236 0.25822031409153606 0.39834341754729213 0.25822031409153606 0.4400392260311477 0.42124173637120177 0.5245396931302948 0.25822031409153606 0.4445595319994074 0.33040173341940071 0.51188635552728934 0.40664391368882058 0.25822031409153606 0.48873472400702295 0.2936920371390625 0.51911445675087287 0.37562253415194091 0.423436085262966 0.37750655769398844 0.37481534526866245 0.30447147387451889 0.30066663710594993 0.26161921211382616 0.25822031409153606 0.38475238216189006 0.43180161568920261 0.29472797343145185 0.26788717713397803 0.25822031409153606 0.38631501683837666 0.34430023778310354 0.25822031409153606 0.41809163397643007 0.39035359182446994 0.42418985021833616 0.46682915085373183 0.40078836171478371 0.41796061844281535 0.48520023414751379 0.25822031409153606 0.39696674360880491 0.44750876253172367 0.35746817216626164 0.25968489669904365 0.2998283193944708 0.36590166035562716 0.33121535147103215 0.25822031409153606 0.38286634808593956 0.45103348008443417 0.46100933409142236 0.45866061227641564 0.3680417984696977 0.35161990720710906 0.38914708094473294 0.28817206522662175 0.25822031409153606 0.4389168206423128 0.45865080876457615 0.25822031409153606 0.40137932031491524 0.33868705075103056 0.25822031409153606 0.46063121460328055 0.44004693170442372
 0.46100933409142236 0.3880793340630615 0.38343252371019027 0.36481408572058704 0.44409705781898723 0.31919863921426223 0.3960106235842526 0.33735522784864586 0.32703615439620359 0.43731486797810792 0.29492643020400033 0.25822031409153606 0.38548849291591358 0.46100933409142236 0.28603870441820328 0.46100933409142236 0.40320391763677021 0.36531300578601128 0.29091817187197117 0.46100933409142236 0.40022243903727478 0.47019320692423133 0.28474099790965568 0.33887090652732343 0.46100933409142236 0.51793909758607726 0.45249662233749433 0.46861082787026265 0.3246013336480123 0.39623530185877137 0.40517014159651044 0.30661816788900692 0.46622718578150324 0.37799265719083369 0.45735382345107101 0.46100933409142236 0.2881825174091055 0.36175930290727726 0.4349156471467045 0.44749316255734412 0.46100933409142236 0.29684208239328214 0.25822031409153606 0.46100933409142236 0.47523776334756357 0.43491356662181341 0.27542308754117373 0.43514414019422276 0.34595191822926535 0.36727896592722425 0.4251979403415852 0.46100933409142236 0.35197287333295535 0.29798970099014155 0.3713075025650035 0.45911099549483481 0.36603023979411209 0.48049706143306681 0.45000185846804841 0.46100933409142236 0.32643405309673879 0.45792862781260402 0.40147470191872497 0.37362332805094361 0.44436361415516823 0.3242868854145794 0.43038662019235946 0.44580670541677481 0.46100933409142236 0.25822031409153606 0.38533741664762095 0.46100933409142236 0.28279974921304363 0.38635000028223332 0.46100933409142236 0.38632249144976416 0.47969236384459263
 0.86546116398642536 0.92787223081220305 1 0.6993466894160969 0.86189665951333028 0.90037678253330455 0.73041085326202182 0.37612248357931743 0.86384338108910197 0.50061034654956138 1 1 1 0.98444643636748952 1 0.73749014621146891 0.3369535200720471 0.84139893169342761 0.93327445150357335 0.97983079177273669 1 0.66728105373343749 0.89424059910702647 0.82611760953665736 0.57754221908897463 0.6664361921052272 0.67524133087987381 0.44708163355709757 1 0.57468609477588339 0.54451118020792877 1 0.68437761442869638 0.78871627402995304 0.4737781660119853 0.97167770068364601 0.93849732285244369 0.98962204589460945 0.97779363999504088 0.83492784064691761 0.84029683595221083 0.83411985687215751 1 0.54703610634424105 0.51534150303399451 0.40210085894975539 1 0.78131624089225249 1 1 0.60111723356331992 0.76116064255823179 0.92914430709746509 0.98997808259943187 0.61033592652033808 0.75639621765807763 0.59944812915124124 0.25822031409153606 1 1 0.71289723507768921 1 0.48921700337877627 0.94606058572156027 0.35262760985487174 1 0.96676799465608199 0.72947367373302041 0.86048018577896468 0.69514510316603961 0.93722384336550602 0.45484788285689792 1 0.81551643009812025 0.74402323765558565 0.89113302746775935 0.82689136974909372
