# Created by Octave 6.4.0, Sun Jul 23 10:39:07 2023 GMT <unknown@tumajer>
# name: gM_full
# type: matrix
# rows: 12
# columns: 77
 0.71534826817523467 0.48444169652185054 0.56327091099560178 0.5496966340687871 0.55174664335718848 0.56327091099560178 0.34879828604579671 0.52697629181954675 0.56092016053215132 0.43896099719404735 0.38273982912673704 0.56327091099560178 0.53394388356588685 0.31549901661441476 0.48940104852438343 0.43506855726215377 0.31549901661441476 0.5642893316814066 0.31549901661441476 0.36368813693664465 0.41178424626175486 0.47101602916985014 0.41433485083866861 0.45561767826751337 0.3446982425321648 0.53087796663237119 0.42858917315349887 0.54313823052552612 0.50288531154565019 0.56327091099560178 0.48848499517843114 0.47133087605695279 0.52000581297043347 0.35852014534269538 0.56327091099560178 0.56327091099560178 0.37575545106587416 0.45898437753833699 0.4279130240862869 0.56327091099560178 0.38031095669649539 0.38059205301511634 0.48954109564755127 0.35515626259423405 0.46940942106499178 0.50111230775922821 0.33582981510841992 0.51987607709349004 0.42786378631793476 0.44336517553430382 0.46091986238258947 0.5251263159073718 0.39922420286210314 0.52898982133024086 0.49484702487980803 0.31549901661441476 0.31549901661441476 0.56327091099560178 0.44519843695778955 0.31549901661441476 0.3878840204190524 0.56327091099560178 0.54833394145440084 0.60854564029686053 0.56327091099560178 0.54944952864598562 0.31549901661441476 0.36793924160955932 0.37912468307571739 0.53451411781815039 0.56327091099560178 0.36198813358317083 0.31549901661441476 0.56327091099560178 0.31549901661441476 0.31549901661441476 0.52083273486266612
 0.62212014921830505 0.46014507614031308 0.31549901661441476 0.46688130725332982 0.33144875113753647 0.49390098723798592 0.51913330918066891 0.35875372146115392 0.61266739275963522 0.54165524394812514 0.49389375160892274 0.31549901661441476 0.31549901661441476 0.56327091099560178 0.447249374190899 0.50335346548641724 0.56327091099560178 0.46016533711246288 0.56327091099560178 0.55267072631626046 0.37517365035760891 0.52502794882963177 0.56329304669780167 0.48947226779323871 0.55841105900580135 0.42057044546460504 0.55827636403581049 0.47924175468879771 0.42072134176266263 0.35810243333669789 0.43018542359130363 0.44058759361157329 0.42760912736689077 0.51182955303149935 0.53987173290335999 0.59190777376599257 0.49096602323466637 0.45682487678815931 0.47775543127717418 0.44951047182903348 0.5618771885923326 0.46642944915811579 0.59531370504252201 0.49131424883645791 0.40308048649652184 0.43414639838024427 0.55692779411813009 0.63870393358116018 0.40265514139577241 0.58069140959395094 0.50891575830173863 0.53794555777389585 0.54025499145619726 0.42050554393106782 0.46986690771669964 0.56327091099560178 0.56327091099560178 0.51051665695726844 0.41306747615311928 0.56327091099560178 0.52275665377436098 0.37215483814303008 0.31549901661441476 0.32084096506996912 0.61966550468054438 0.4298849337833861 0.56327091099560178 0.51915305340206752 0.49729193147484635 0.45150361696819807 0.55908267067606521 0.54565817464015043 0.56327091099560178 0.48667834288215805 0.56327091099560178 0.56327091099560178 0.33413361977375045
 0.31549901661441476 0.40676360775570325 0.56327091099560178 0.4481247911365735 0.54578287945258852 0.46440974446860167 0.40393250327231828 0.52587862581729361 0.55484522201681741 0.3870574845367391 0.50640835677558849 0.56327091099560178 0.56327091099560178 0.31549901661441476 0.48670437472415462 0.31549901661441476 0.53764919143960532 0.51468202278985198 0.64089364130805759 0.31549901661441476 0.54317219644716896 0.403691794536996 0.62540610280555797 0.49681211968222522 0.31549901661441476 0.59714637615564481 0.35883911469494872 0.63426497327072573 0.45894352100099262 0.51736312446806898 0.46124546063299104 0.45807469316580668 0.37200965746056636 0.3673608277854683 0.31965186178222393 0.31549901661441476 0.47009856152951168 0.52758430568001669 0.36010484346874366 0.32731019341654471 0.31549901661441476 0.47200782147868958 0.42067327980312019 0.31549901661441476 0.51083316135816437 0.476942237429343 0.51828409036114509 0.57039142775139351 0.48969165898656669 0.51067308382064724 0.59282786202622018 0.31549901661441476 0.48502232552008834 0.54677562355092368 0.43676213928478291 0.31728847448121689 0.36633655355471062 0.44706635272257961 0.40479169482745186 0.31549901661441476 0.4700906515745627 0.55108220252715012 0.56327091099560178 0.56040119322942805 0.44968121853119652 0.43003994491188402 0.47546809703325982 0.35209469678870725 0.31549901661441476 0.53683745668487048 0.56038921509224848 0.31549901661441476 0.49041370464690631 0.41381496970105741 0.31549901661441476 0.5628089166436423 0.53765907651643607
 0.56327091099560178 0.4741635014117046 0.46848593068345867 0.44593391700638169 0.54260713575608632 0.39000361815476575 0.48385411794287708 0.41262065022310429 0.39957965922381383 0.53437234282747414 0.36050376635673059 0.31549901661441476 0.47099795714767129 0.56327091099560178 0.34948811163483295 0.56327091099560178 0.49264303607184784 0.44634712217523564 0.35544994770757543 0.56327091099560178 0.48900020274362144 0.57449196019018967 0.34791172166490464 0.41405980344500076 0.56327091099560178 0.63282889469586079 0.55286990053856155 0.57255857614488415 0.39660474396825257 0.4841286345893101 0.49504540990492218 0.37450428712940154 0.56964619205298916 0.46183938723311546 0.55880453112803818 0.56327091099560178 0.35210746748533783 0.44200513317438983 0.53138909488107045 0.54675656803077299 0.56327091099560178 0.36268790631110676 0.31549901661441476 0.56327091099560178 0.58065550544191247 0.5313865528519528 0.33651772742148656 0.53166892637198926 0.42269133774855588 0.44874917366927863 0.51951579609918019 0.56327091099560178 0.43004786746612234 0.36409009361350647 0.45367132455460341 0.56095148092856117 0.44722345378777489 0.58708142657788531 0.54981307913630539 0.56327091099560178 0.396878237309852 0.55950683919952882 0.49053024389871125 0.45650084889328768 0.54293281990000553 0.39568466319003404 0.52585543438908644 0.54469601918788313 0.56327091099560178 0.31549901661441476 0.47081336898214371 0.56327091099560178 0.34553068796860753 0.47205056498697395 0.56327091099560178 0.4720169541162616 0.58609833956878254
 1 1 1 0.85421479199262007 1 1 0.89320703572334659 0.46163951252275709 1 0.61259565327256205 1 1 1 1 1 0.90477907906071009 0.41169690541779452 1 1 1 1 0.818159298549892 1 0.99876017199760669 0.70873413010310449 0.81429526011514886 0.81584450324193047 0.54762779429357322 1 0.6976519304101243 0.66050005538276246 1 0.82482610083893027 0.96780919642962282 0.5735046944704234 1 1 1 1 1 1 1 1 0.66133366765358759 0.62220745883521478 0.4955482480551287 1 0.95911686647975647 1 1 0.74190530187467996 0.93146671117186297 1 1 0.76665664323295568 0.92969034922255367 0.74734758679004354 0.31549901661441476 1 1 0.87383451670317724 1 0.65770874497217746 1 0.49669016922979198 1 1 0.95964881880330222 1 0.95505768080637721 1 0.56541145620379984 1 0.98134412939882454 0.88385497914543931 1 1
 0.31549901661441476 0.89514539964318207 0.31549901661441476 1 1 0.68065948736010806 1 1 1 1 0.31549901661441476 1 0.4045816178199893 1 1 1 1 0.4992490356806587 0.31549901661441476 0.31549901661441476 1 0.93386313477065952 1 1 0.72644068011614182 1 1 1 1 1 1 1 0.91752821709554033 1 1 0.52799806942415284 1 0.63950651791250379 0.31549901661441476 0.35799685926592262 0.75705598022797815 0.77678248144021789 0.63932913106676115 1 1 1 0.31549901661441476 0.62741768732533809 0.31549901661441476 0.910092633294178 1 1 0.31549901661441476 0.98409524038825091 0.88830644478706455 1 1 1 0.68482509460120766 0.93977141630619832 1 0.31549901661441476 1 1 1 0.70783803249545163 0.85096608407341212 1 0.65607267936636582 1 0.74858705603301956 1 0.95459524022403974 1 1 0.97094834087892079 0.31549901661441476
