# Created by Octave 6.4.0, Wed Feb 08 21:44:34 2023 GMT <unknown@tumajer>
# name: gM_full
# type: matrix
# rows: 12
# columns: 77
 1 0.78229583429169847 0.81266585848100392 0.79603259653823877 0.82711804419624457 0.82173172948252693 0.57978738645173811 0.77935989701512187 0.83839776084144479 0.65423227217688917 0.60080261137150848 0.82173172948252693 0.73274036164155798 0.46026795900813683 0.72271652989062873 0.60457890257152203 0.50839026425083234 0.84439058067302397 0.47234090061947115 0.53935408936814111 0.62385152896600848 0.71523712948705331 0.61313524848150158 0.68915131530421614 0.53788685323620067 0.75198677182638485 0.64198971311825903 0.77436122823477715 0.75734307409980639 0.82173172948252693 0.76099658440432816 0.7102436538657908 0.72867570339772791 0.58121540978544606 0.82173172948252693 0.79487610046945989 0.58241966856692751 0.72571516973675987 0.58755090366476248 0.82173172948252693 0.46026795900813683 0.6484092920520873 0.72373487531726488 0.5526313095283133 0.69131265821754517 0.75860564082518245 0.49162255248049525 0.78948546328367486 0.55778683826871789 0.68908289679222412 0.66592711781415059 0.79277424044724509 0.57315322145875025 0.79631777383895785 0.67368862947705332 0.46026795900813683 0.46026795900813683 0.46026795900813683 0.67449727492510636 0.46026795900813683 0.58983940431025705 0.83233775563619095 0.84568001724806185 0.92206036827175342 0.82173172948252693 0.84299249749830929 0.46026795900813683 0.57577812682748453 0.59666225562289343 0.53813257169335782 0.81152875342629482 0.56954588111059112 0.47222022914523709 0.82173172948252693 0.46026795900813683 0.46026795900813683 0.7877790557498211
 0.93072618035186183 0.68708948826799054 0.46026795900813683 0.71781579806149431 0.50779094779621903 0.76046806554407498 0.69016438643546041 0.56005309536564307 0.92316313335328715 0.80290472479776731 0.6919010119992397 0.48898413377070205 0.50163535042113749 0.82173172948252693 0.67272986301678217 0.76221301459251445 0.81303969953499466 0.69973580018501214 0.80585072622970577 0.81166175553264608 0.52982289398964488 0.78299861686351813 0.83248105385900795 0.72707192312530911 0.8176205485423369 0.65177393634718206 0.83337634617002365 0.73100095786844754 0.62583017791686613 0.55250731601351555 0.61900319943238558 0.6462622176981937 0.6531694292675313 0.69892595694644255 0.82213686654520934 0.88673308058473954 0.69797116795986824 0.67972072168079134 0.73905053849856905 0.68902478912997323 0.82173172948252693 0.59425096409147149 0.88620539600391657 0.66980989989556261 0.60594566646665948 0.66497292502474392 0.81672580313102849 0.96556623599962133 0.68571951201296966 0.87430542961851865 0.76471692798354507 0.81657713134843835 0.80226314864076509 0.62619513932472803 0.72291496549265877 0.82173172948252693 0.82173172948252693 0.82173172948252693 0.59276940987822635 0.82173172948252693 0.76174967481715872 0.58846070849412591 0.46789682856582304 0.48658166960519555 0.92376952170572135 0.63945407666964216 0.82173172948252693 0.7385201415157463 0.70378062106728712 0.77734810897777185 0.84413321515912532 0.79367905699407726 0.81872245224574491 0.73566796637572607 0.82173172948252693 0.82173172948252693 0.49470001506397959
 0.46026795900813683 0.6117175730562987 0.82173172948252693 0.66672677703840522 0.77809178217917829 0.70108627157948433 0.64775699729934277 0.75466996990252078 0.85218908263971771 0.61190533408157477 0.76768125983907576 0.7929928506527304 0.78529644889119155 0.46026795900813683 0.7275967371229316 0.46026795900813683 0.81149792509406238 0.76746468474338303 0.952900776371434 0.47149842133925063 0.80651209079967967 0.6124033157941885 0.94525965128019718 0.74927403269528758 0.46026795900813683 0.89953210722991039 0.53025580247953719 0.95577827861313802 0.68534054608172401 0.73919331142979139 0.69132338507927027 0.6976593400173019 0.54832495035162443 0.61459155862919712 0.49149040441344094 0.50453110619050889 0.72071127944606306 0.80200165999385331 0.52173912780285947 0.46577879766760238 0.46026795900813683 0.75738160835005675 0.63927606632384115 0.46026795900813683 0.75218889556084934 0.7019071575605953 0.79003854304887033 0.88112473489506826 0.68057788869778735 0.78920635759313251 0.89649922092870904 0.46026795900813683 0.73201149801517496 0.81120588420960604 0.65515091890126886 0.51271280392122609 0.58505477626485392 0.67295933135806996 0.6243092103456358 0.46026795900813683 0.71851054267743786 0.81333483493632996 0.8148056937889453 0.81205562126121233 0.69853204585288198 0.64271917210649609 0.73153298720835847 0.55735017039966595 0.48004770464734225 0.80398874023655242 0.84108272643750337 0.48428394782502521 0.75671079264470531 0.61665656963821913 0.46026795900813683 0.85515996465807098 0.78014243966328678
 0.82173172948252693 0.6911439747405862 0.70096291362741414 0.66441580392805866 0.80970305008015253 0.58319255695512151 0.68734778482957071 0.63776646880893717 0.61727159699373291 0.77988707619000996 0.5269860090645333 0.8324784165280863 0.72418196033058069 0.9796100312450442 0.52169448501081006 0.82173172948252693 0.745490192303359 0.67647124609472509 0.56639524472395664 0.8115970760530139 0.74546870948163158 0.85207054138218163 0.54113223602599525 0.63385923449828996 0.82173172948252748 0.96209004189840819 0.80962484740092744 0.89174833714330692 0.58168991462258568 0.72961913296195624 0.74498691449386456 0.542365470023916 0.84208367921361227 0.56285425203784578 0.79382517775376071 0.79194623646752016 0.48733116155131267 0.67618599122484302 0.78667839498556946 0.81444122118043294 0.82173172948252693 0.49460740165568151 0.46026795900813683 0.82173172948252693 0.85565889645897386 0.79621303384986974 0.50973823843826571 0.86683374418491721 0.66828335250380655 0.69058215420569535 0.79352023956171802 0.82173172948252693 0.63532926594068984 0.53809267038520925 0.67108654758453112 0.7627438626388453 0.57366199943811902 0.88218348735962859 0.81634837514705749 0.82173172948252693 0.58336503498754733 0.85079571871659032 0.75600214849069014 0.68710885924661724 0.8112608565488918 0.5750736177924255 0.78831698535815919 0.78721176729952613 0.80084956049511624 0.46026795900813683 0.71305796969990587 0.78307329671858439 0.5114148313469522 0.69558678189088052 0.82173172948252693 0.72621690286695195 0.8700678759604662
 1 1 1 1 1 1 1 0.85741381986471987 1 1 1 1 1 1 1 1 0.87963029575722229 1 1 1 1 1 1 1 1 1 1 0.98271989885802669 1 1 1 1 1 1 1 1 1 1 1 1 1 1 1 1 1 0.94328743100922685 1 1 1 1 1 1 1 1 1 1 1 0.54144722027389713 1 1 1 1 0.99363751833746705 1 0.76808641443858328 1 1 1 1 1 1 0.96077276051730498 1 1 1 1 1
 0.46026795900813683 1 0.46026795900813683 1 1 1 1 1 1 1 0.46026795900813683 1 0.75928041440228233 1 1 1 1 0.70546953192005624 0.46026795900813683 0.53839807046338706 1 1 1 1 0.92754913495007885 1 1 1 1 1 1 1 1 1 1 0.85460029278550964 1 1 0.46026795900813683 0.57957614767909627 1 1 1 1 1 1 0.46026795900813683 0.96114112750166536 0.46026795900813683 1 1 1 0.46026795900813683 1 1 1 1 1 1 1 1 0.46026795900813683 1 1 1 1 1 1 0.93621332834878712 1 1 1 1 1 1 1 0.46026795900813683
 0.58473264813262649 1 0.82346027036038827 1 1 1 1 0.97990787320894335 1 1 0.74923954476659749 0.81604074197517062 1 1 0.46026795900813683 1 1 1 0.58735302702570313 0.56014630979226054 1 1 1 1 1 1 0.46026795900813683 0.46026795900813683 1 1 1 1 1 1 1 1 1 1 0.65741916467669226 1 1 1 1 1 0.91986867188123322 0.76403445885944254 0.77700995390643712 1 0.41702824060803367 1 1 1 1 1 1 1 0.46026795900813683 1 1 1 1 0.87820996422067588 1 0.60597056801095472 0.60110570432655319 1 1 1 1 1 1 1 1 1 1 0.92641766210600185 0.72945118559472732
 1 0.78183547864271519 1 0.71755906761856159 1 1 1 1 1 0.46026795900813683 1 1 0.90949996569595115 1 1 1 1 1 0.46026795900813683 1 1 1 1 1 0.95431902675640234 1 1 1 0.71026680030196432 1 1 0.79235048812442632 1 1 1 1 1 1 1 1 1 1 1 1 1 1 1 1 1 1 1 1 0.50039578475121538 0.89854591026293784 1 1 1 1 1 1 1 1 1 1 1 0.46026795900813683 1 1 1 1 1 1 1 1 1 1 1
