# Created by Octave 6.4.0, Wed Feb 08 14:34:09 2023 GMT <unknown@tumajer>
# name: gM_full
# type: matrix
# rows: 12
# columns: 77
 0.75613773466668677 0.51584786423073559 0.59709461429343369 0.5841724716814124 0.58611501458175985 0.59709461429343369 0.37568589271851249 0.55833108397592324 0.59619299291752847 0.46996800586193266 0.40690973667707248 0.59709461429343369 0.56283915069011081 0.33444433212851032 0.52007933834614128 0.55048659951415824 0.33444433212851032 0.59997062352946895 0.33444433212851032 0.38669639557801916 0.43853267214828678 0.50123068906438395 0.43941782549951491 0.48365335444899105 0.3671459457954156 0.56156944757548943 0.45387273908613845 0.57483765570153877 0.53381980091067582 0.59709461429343369 0.52133811469099967 0.49989802189480248 0.55036021301409332 0.38617669645294544 0.59709461429343369 0.59709461429343369 0.39835368525375975 0.48943329849260775 0.45406623328346585 0.59709461429343369 0.35815806216226376 0.40655467575327137 0.51923794068045626 0.37995183165716173 0.50063162450838561 0.5335096969052181 0.35694275349996102 0.55235204545874983 0.45190564388707083 0.47167213908961109 0.48851349257968624 0.55777533533229062 0.42148034257510147 0.5618421355888884 0.52252645509135565 0.33444433212851032 0.33444433212851032 0.59709461429343369 0.47345395799064377 0.33444433212851032 0.39697130086592708 0.59709461429343369 0.58305907998368234 0.64586205730508883 0.59709461429343369 0.58658001689494621 0.33444433212851032 0.39182035768422829 0.4042738526306815 0.51193700975666989 0.59709461429343369 0.38640763322532873 0.33444433212851032 0.59709461429343369 0.33444433212851032 0.33444433212851032 0.55335332061243259
 0.65977237586617188 0.48967316923837312 0.33444433212851032 0.49637702394480132 0.35280298112896757 0.5253483233070334 0.54352490254456587 0.38226889828123628 0.65112682009464617 0.57463567815015892 0.5230258441897393 0.33444433212851032 0.33444433212851032 0.59709461429343369 0.47476217279021582 0.5085876740735904 0.59709461429343369 0.48931998160925044 0.59709461429343369 0.58609436174077534 0.39543147664813538 0.55774417590045799 0.59788121033703068 0.5202781110061192 0.59201441013238187 0.44846764131664946 0.59268041550656447 0.5091599083701529 0.44586712870218598 0.38330659317075066 0.45510411864387429 0.46771115761382337 0.45433977035150425 0.53670154982607698 0.57372454815844987 0.62865524403431494 0.52081820467417772 0.4830857200186644 0.50894834037466585 0.47998151687221879 0.59614989933508722 0.49120136635441286 0.63119607909592856 0.51577576090231581 0.42730633298345472 0.46120934788331208 0.59042247695683947 0.67919717266625768 0.4302611650672783 0.61677410909316333 0.54026673118738067 0.57191891771984327 0.57363825659442758 0.44601143398796878 0.50031658061795381 0.59709461429343369 0.59709461429343369 0.54320749489408027 0.43769022844464672 0.59709461429343369 0.56179196167086953 0.39712031705023454 0.33444433212851032 0.34237370192098221 0.65781206836565387 0.45671947479496849 0.59709461429343369 0.54971685634514122 0.52553325916847815 0.49842300407226531 0.59441694270445178 0.57789987107430629 0.59709461429343369 0.51723628443698966 0.59709461429343369 0.59709461429343369 0.35386661061012015
 0.33444433212851032 0.43161438053442031 0.59709461429343369 0.47573398105558118 0.57724914947859574 0.49393911226817627 0.43410328635499368 0.55653532445899612 0.5908606872850134 0.41317195912281912 0.53871074141836828 0.59709461429343369 0.59709461429343369 0.33444433212851032 0.51702592550876425 0.33444433212851032 0.57151153321040993 0.54676930816818936 0.68108396441160035 0.33444433212851032 0.57688315024717562 0.42982502961002317 0.66444857537517665 0.52853123650321643 0.33444433212851032 0.63474284803043091 0.38117957711009526 0.67340444665224553 0.48727271438893888 0.54579306287578477 0.4911054782918749 0.4872293985036778 0.39475283919278431 0.39824257393929507 0.34114454498629665 0.33444433212851032 0.49910829802233309 0.56094033175926061 0.38277047693651112 0.34508242143968182 0.33444433212851032 0.50451772554572483 0.44905554137952619 0.33444433212851032 0.54270487161205694 0.5065996076356778 0.55133635443293105 0.60794978744553618 0.5175335511328345 0.54428471752656538 0.63011798331619229 0.33444433212851032 0.51489854392721257 0.58066906287387288 0.46370176198636731 0.33878552493263908 0.39184150113914584 0.47595312990798522 0.43110082842935626 0.33444433212851032 0.49865271183956261 0.58434259893008433 0.59709461429343369 0.59293605550112161 0.47979980117070947 0.4572065092361528 0.5064813137022488 0.37612531721752962 0.33444433212851032 0.56933123082019177 0.5956830240332911 0.33444433212851032 0.5222895701622905 0.43927681500792648 0.33444433212851032 0.59915307660598893 0.57076133071609325
 0.59709461429343369 0.5035722130036433 0.49899653066142646 0.47398747136976144 0.57704807321383267 0.41441753164876299 0.50905426930841835 0.44002109281445806 0.42542011380147166 0.56603548526908576 0.38318112828701256 0.3821668946671743 0.50167470161765304 0.59709461429343369 0.37173703383197076 0.59709461429343369 0.52394899812408002 0.47500606386929251 0.37841799523371139 0.59709461429343369 0.51970891081828274 0.60980569686384667 0.37169448822589507 0.44019078784513282 0.59709461429343369 0.67305452491801243 0.58605044694796093 0.6099292270167942 0.42211527397036014 0.5160326360845181 0.52563257792435669 0.39619874623342988 0.60451826588824131 0.47443635535074574 0.5900096911133379 0.59709461429343369 0.37392846333543028 0.46983511368666009 0.56324062576094447 0.58234703744232874 0.85992787699036255 0.38229932564342217 0.33444433212851032 0.59709461429343369 0.6159072389703375 0.56559862706333686 0.35876787573613 0.56518597841825968 0.45079764311332626 0.47773676025474354 0.55263843070184138 0.59709461429343369 0.45720714849756433 0.38752908980966533 0.48202121790096275 0.59154324804912917 0.467761857092238 0.62365239752390178 0.58352003173909428 0.59709461429343369 0.42289054636139156 0.59502834641148228 0.52267720016911268 0.48571258371461007 0.57615840009852615 0.41976124065747333 0.55868285915956895 0.57665413489138762 0.59709461429343369 0.33444433212851032 0.50140984710507264 0.59709461429343369 0.3663055081494776 0.50110312342337637 0.59709461429343369 0.50185542904217684 0.62269341017934632
 1 1 1 0.92303088087197516 1 1 0.95659603203058829 0.50493856479589483 1 0.66109683242313921 1 1 1 1 1 0.96659323706907097 0.43667788710124561 1 1 1 1 0.87325723346475481 1 1 0.75960594730245834 0.87146417337044857 0.88880458454981259 0.59765215973045038 1 0.76255201661844951 0.71716941152657454 1 0.9051313081334571 1 0.63489233514892129 1 1 1 1 1 0.93648752236964306 1 1 0.71279358212094701 0.68372019205927059 0.53759643113874644 1 1 1 1 0.79052064403861055 0.99591513447401481 1 1 0.80266749677055682 0.98919858895227275 0.7901745108842827 0.33444433212851032 1 1 0.93688447417510157 1 0.62607952542792389 1 0.45581611911195097 1 1 0.93167599381149291 1 0.86891156244122247 1 0.58851813562871003 1 1 0.98713442034276599 1 1
 0.33444433212851032 0.95476980458208127 0.33444433212851032 1 1 0.72846917727851468 1 1 1 1 0.33444433212851032 1 0.4437390816690891 1 1 1 1 0.52543557641791383 0.33444433212851032 0.33899891887721395 1 0.99281795951518859 1 1 0.76822772416152663 1 1 1 1 1 1 1 0.9341236524379537 1 1 0.5611716734884421 1 0.68647280757475204 0.33444433212851032 0.38197927804177034 0.94565861586202482 0.82037792478683169 0.67997233993887074 1 1 1 0.33444433212851032 0.67466281690387109 0.33444433212851032 0.97263237861571894 1 1 0.33444433212851032 1 0.9639795983799655 1 1 1 0.7153852435253566 0.99656550552488554 1 0.33444433212851032 1 1 1 0.74438101161433323 0.8677844352102031 1 0.66004330373818265 1 0.7777951024751798 1 0.99253351440833992 1 1 1 0.33444433212851032
