# Created by Octave 6.4.0, Sun Jul 23 12:42:49 2023 GMT <unknown@tumajer>
# name: gM_full
# type: matrix
# rows: 12
# columns: 77
 0.59440001505564044 0.4042650021787722 0.46317720902868448 0.41993843543197751 0.44601394527954946 0.46317720902868448 0.28191849331710994 0.45199331407522453 0.47028069995997118 0.40499856239351456 0.3160492414696528 0.46317720902868448 0.4289869529308995 0.25943458310045808 0.41121019637720735 0.27996726729589916 0.29606700783803847 0.46137314104598742 0.27305402532565876 0.31734990444082306 0.35623364875307534 0.3826495435714854 0.30998203560085247 0.43106446966385564 0.26556154795199538 0.44596397048793479 0.35214783013787687 0.44766626571029261 0.44133217933257601 0.46317720902868448 0.42089630882477158 0.38380781173530121 0.43905584287000166 0.44050336119243616 0.46317720902868448 0.39116112019312393 0.31259820653106657 0.46317720902868448 0.34797968211969077 0.46317720902868448 0.39262446899198661 0.29208066542406586 0.41816851159609092 0.31778120923887976 0.4240051175785679 0.4259807629296879 0.25943458310045808 0.42585053774266701 0.36612061426821313 0.36198003703604792 0.37343825599691038 0.41616270585689219 0.32899272211304131 0.44114209922753805 0.41365869262001764 0.25943458310045808 0.26297118818980569 0.46317720902868448 0.37078668988408992 0.25943458310045808 0.33072630131099545 0.46317720902868448 0.44614701890450692 0.49287964400614798 0.46317720902868448 0.45521451354773784 0.25943458310045808 0.31923624316237975 0.31435429053176067 0.45502600516785657 0.46317720902868448 0.32112298441593901 0.27171628796578223 0.46317720902868448 0.31182876098937323 0.25943458310045808 0.41741895107222776
 0.48665606512008019 0.39262241589620728 0.25943458310045808 0.38640692233326646 0.289538643353841 0.39239379661525031 0.43357796420939915 0.27057123198225841 0.49913668378830556 0.4392961188449685 0.41026797199862419 0.26788668868517079 0.26563454616098398 0.46317720902868448 0.37014105992173968 0.4505510956752185 0.4521993038707911 0.37789706218344088 0.44435463820802057 0.45683819601670472 0.29570598423473998 0.42710088958157627 0.46460383837338093 0.40788939322211204 0.46250155987913716 0.34780681210078807 0.46076823285886392 0.40581631585258704 0.31728905070427937 0.32970059089481524 0.35186252783473343 0.34862626370578842 0.34856612703257767 0.27383104604561714 0.44013895164534783 0.45958772888761168 0.39154795942950998 0.31154220125721105 0.41825962585965087 0.39061158006430918 0.47845497405710341 0.41131192233070024 0.4765612912775285 0.37184328091910435 0.32811573924351412 0.33429619383938108 0.46317720902868448 0.53284123219785451 0.30821292878384077 0.48008358150403146 0.40349999764454442 0.4465481529262173 0.44037983356886778 0.34895072017848083 0.39588881999480263 0.46317720902868448 0.45666620043388806 0.39706540426283399 0.33838833871971186 0.46317720902868448 0.43027603957443622 0.29088912405857081 0.25943458310045808 0.285257622842221 0.50304488182848794 0.38455821868068313 0.46317720902868448 0.42529210294140052 0.40504524279568072 0.36674765472278326 0.47190470389953443 0.43851315221634291 0.45877031974226956 0.4019633260488481 0.41299633611127468 0.46317720902868448 0.26797341361198129
 0.25943458310045808 0.30897440958066813 0.46317720902868448 0.362307627217618 0.43342170766513555 0.36569740287628039 0.32142517577414265 0.45249911700190887 0.45998381377849834 0.31944196691200366 0.41253427135445458 0.45393189733530026 0.45766035613409806 0.25943458310045808 0.39803905367512615 0.25943458310045808 0.44006301723402658 0.42285397998291796 0.51975621650821868 0.25943458310045808 0.45153671331183026 0.34284828937269235 0.52539116614381942 0.41331791427839804 0.25943458310045808 0.49431884236451423 0.28919002918762099 0.52471028384680407 0.39629458718787425 0.3979316790613468 0.3873349698255224 0.39124404105732152 0.31568273967883437 0.44756367397378016 0.28422456305933325 0.27010097790179072 0.37589916272304286 0.43883525682613317 0.2725233997081048 0.25943458310045808 0.25943458310045808 0.37360402683571237 0.35206810011908768 0.25943458310045808 0.42375127620955 0.40885101059880402 0.42489803792299941 0.45186388310822539 0.42264085626084685 0.40050069293731244 0.47845917064487276 0.25943458310045808 0.39095258254597381 0.45426212659779946 0.35910141911032128 0.2633373769307466 0.31543969853768028 0.38918390391131014 0.33530521600935764 0.25943458310045808 0.38762569551263631 0.45504673394577572 0.46317720902868448 0.44789134473510006 0.37403355049562625 0.33858011670836408 0.39637762805669435 0.30682016352496072 0.25943458310045808 0.44723757120196361 0.47981025303056518 0.25943458310045808 0.39211722574655988 0.34476803200987532 0.26995837100174636 0.46135595773010535 0.45113114848062374
 0.46317720902868448 0.40678386853003801 0.39750432169737576 0.37259684126250514 0.45028912420716127 0.31812862243278489 0.39740852911084096 0.30780853163692062 0.32096946504835794 0.43954741289065674 0.31886849357064845 0.25943458310045808 0.38586873010177664 0.46317720902868448 0.29277154350863838 0.46317720902868448 0.40626922510019398 0.36060718464997477 0.2862717944377321 0.46317720902868448 0.39317833416048242 0.47473399324846172 0.28459305310271926 0.33589254018162457 0.46317720902868448 0.52035787616301021 0.4530504284259339 0.461204247762732 0.31218270705861184 0.410637012079407 0.40932707427534848 0.29334638823072268 0.47280513722861173 0.25943458310045808 0.43528838417976262 0.45348813642076286 0.30693119863785134 0.35275853011090569 0.45331076776799667 0.46317720902868448 0.46317720902868448 0.30620726013893246 0.25943458310045808 0.46317720902868448 0.47054240308449014 0.44838643782636683 0.28315024351604823 0.42873054103389591 0.33829605519682976 0.38352067628320136 0.41556048438784216 0.46317720902868448 0.35188876949578884 0.3126640832621565 0.37916225481234128 0.45767046932619249 0.32723914130240317 0.48423343899406113 0.44823686001247631 0.46317720902868448 0.32423983109707316 0.45332059895524468 0.39188091751692083 0.36729850639030831 0.44820590301314356 0.35276684104625944 0.43323275601183509 0.44053379945080751 0.46317720902868476 0.25943458310045808 0.41221781716514139 0.46317720902868448 0.28368757805466632 0.37994629963864707 0.45033980861009654 0.38634931423898966 0.48020366487751381
 0.80242790747223502 0.93378550595138421 1 0.68958391167462085 0.85790179344937334 0.88200480429423478 0.69411050452288559 0.39780498893265015 0.86976228355942453 0.47896050759236769 1 1 0.98234762478851645 0.96813904062230693 1 0.70718949568255651 0.32873683419613881 0.82407255481407393 0.88658181641668143 0.95769194395335355 1 0.6443042263204124 0.88921557479443358 0.79405738160115247 0.55476510335427398 0.59342946464037172 0.62831647193293572 0.40917716938596221 1 0.47685918894932056 0.53529452117608667 1 0.70207682868522936 1 0.32384643090545601 0.98314613490646385 0.86166850809175433 0.9964860737657294 0.96880232984902281 0.81179620850626844 0.84377853748481635 0.79503929092955772 1 0.43655212817425415 0.43994384838533807 0.33985581831993256 1 0.76042413098972494 1 1 0.59362904513028869 0.70977028718636348 0.9475216776456783 0.91362871514355826 0.56290573690314327 0.69796009304931372 0.56301623536158973 0.25943458310045808 1 1 0.69713610489052924 1 0.46536409721831812 0.94999243034124914 0.32408146858359715 0.96619187432129905 0.91383098388700379 0.79503430475763615 0.80972552831772537 0.71055301512046742 0.86582229989392501 0.40521929758544745 1 0.8044766908664277 0.69846591582813189 0.8556166348098998 0.79538940272303205
