# Created by Octave 6.4.0, Wed Feb 08 14:40:04 2023 GMT <unknown@tumajer>
# name: gM_full
# type: matrix
# rows: 12
# columns: 77
 0.59240061730460858 0.40290516618330791 0.46161920861380473 0.41917576025064129 0.44451367735133057 0.46161920861380473 0.28097019724168038 0.45715327558758007 0.46869880536031222 0.40363625890375948 0.31664559917978619 0.46161920861380473 0.4275439591099256 0.25856191669929318 0.40982699866352451 0.27916841895650241 0.29588845135298653 0.4598212090183485 0.27213554687626768 0.316282426868216 0.35503537698638954 0.38136241601853837 0.30978477137303195 0.42972315617451529 0.26466827213051669 0.44446387066113485 0.35096330193839065 0.44616043983175485 0.43984765957405453 0.46161920861380473 0.41948052969965977 0.38251678808763151 0.43757898007966411 0.4390216293496001 0.46161920861380473 0.38071170482078653 0.3115467123599967 0.46161920861380473 0.34680917442081427 0.46161920861380473 0.3852384994923248 0.29109818660378167 0.41676190802869473 0.31671228087585984 0.42257888127803001 0.4245478811029525 0.25856191669929318 0.42441809395755248 0.36488908547576221 0.36076243600368491 0.3721821126754476 0.41476284926692258 0.32788608131217067 0.43965718453818459 0.41226725884012139 0.25856191669929318 0.26208662562430224 0.46161920861380473 0.36939410007333479 0.25856191669929318 0.30502897401323098 0.46161920861380473 0.44464630335330729 0.49122173279014125 0.46161920861380473 0.45306872085691396 0.25856191669929318 0.31816242046645166 0.31329688937833439 0.45614694196035421 0.46161920861380473 0.32004281524268319 0.27080230929600263 0.46161920861380473 0.3162719042105509 0.25856191669929318 0.41602392459333032
 0.48501908830735913 0.39130174235067561 0.25856191669929318 0.38492478466531638 0.28856471519486487 0.39107389208194043 0.4321195274924079 0.26521883887078096 0.49745772561578522 0.43781844783250479 0.40749496266935065 0.26698559173139902 0.26474102479365869 0.46161920861380473 0.36889600745870627 0.44895169046927708 0.45046604863473633 0.376625920667436 0.44285995173125364 0.45530151829368048 0.29471131084162056 0.42566423995764713 0.46309875909069964 0.40650267094492992 0.46094583216169327 0.34663688588898806 0.45921833557556935 0.40445126166568268 0.31622177782686228 0.32859156901855013 0.35067895931352583 0.34745358108474445 0.34739364669472028 0.27290995391277945 0.43865844557574601 0.45735988629133034 0.39023090005926209 0.31049425919669998 0.41685271580899591 0.38929767041604896 0.47560701126414345 0.40992838243895974 0.47495827050048495 0.37059250265400551 0.32701204837119763 0.3331717136220001 0.46161920861380473 0.53104890121816273 0.30717618547791792 0.47846871271390085 0.40214273491339125 0.44504608807077722 0.43889851723889595 0.34777734088980128 0.3945571591665602 0.46161920861380473 0.45513010125657838 0.39572978572954476 0.33738393622576374 0.46161920861380473 0.43876786420955705 0.28991065325488502 0.25856191669929318 0.28429809485579915 0.50135277755540542 0.38337255103418322 0.46161920861380473 0.42386153757697487 0.40368278228592441 0.3648571617016132 0.470317346598425 0.43703811488772304 0.45722714288779548 0.40061123225722167 0.40687184132057064 0.46161920861380473 0.26706355117109931
 0.25856191669929318 0.30793510486331516 0.46161920861380473 0.36119892867924347 0.43196379655207312 0.36446729765025576 0.32034399011248399 0.45518718729975377 0.45843655506469472 0.31836745221810803 0.4113849808390872 0.45240499559965863 0.45612091289114093 0.25856191669929318 0.39670016005368769 0.25856191669929318 0.43857107885073177 0.42143161579183763 0.51800789991325003 0.25856191669929318 0.45001786831479651 0.34169504226408864 0.52364772366450074 0.41193016008458366 0.25856191669929318 0.49265609008207389 0.28821727367057332 0.52294530313534093 0.39496156147068046 0.39659314661850159 0.38603208179061432 0.38992800398467536 0.3146208699887833 0.4460581931855554 0.28326851000116554 0.26962494218620198 0.37463474158992277 0.4373591360264229 0.27160670613697668 0.25856191669929318 0.25856191669929318 0.37234732590685743 0.35088384010939988 0.25856191669929318 0.42232589376138335 0.40747574853555879 0.42346879808463633 0.45034393760221025 0.42121920895920095 0.39915351904016733 0.47684976592495792 0.25856191669929318 0.38963752585939315 0.45273410629418731 0.35789350095491146 0.26245158260729134 0.31437864637101204 0.38787479657196178 0.3339842925711059 0.25856191669929318 0.38406379389773382 0.45351608220718098 0.46161920861380473 0.44638476175278602 0.37277540476761606 0.3373565865705862 0.39504432301291548 0.30578810509732823 0.25856191669929318 0.44576516613200018 0.47819630364205179 0.25856191669929318 0.39079825152139069 0.34360832741638919 0.27365386675128262 0.45980408350240293 0.44962547336925524
 0.46161920861380473 0.4054155597627192 0.39616722676686367 0.37126462406338567 0.44877447575586599 0.31705852546757629 0.39607175640017617 0.30464074461502472 0.31988981227192326 0.43806889659431508 0.3176311167845382 0.25856191669929318 0.38457077409299889 0.46161920861380473 0.29178674076498007 0.46161920861380473 0.40490404599240776 0.35939420151448875 0.2853088550577102 0.46161920861380473 0.3918557906591984 0.4731371189981296 0.28362858548288367 0.33476119377564056 0.46161920861380473 0.51860753575086416 0.4515264917086475 0.45965288384552738 0.31113261051319768 0.4092557423996524 0.40795021086516497 0.29235965186792673 0.47121475111806838 0.25856191669929318 0.43382419408162159 0.45157757615073213 0.30589876671871585 0.35157194768510436 0.45178595534094945 0.46161920861380473 0.46161920861380473 0.3051772633492888 0.25856191669929318 0.46161920861380473 0.46895962818768228 0.44687818948741054 0.28219780417259172 0.42728840971184062 0.33715812054876249 0.38223061848001788 0.41416265350483816 0.46161920861380473 0.35070511270486932 0.31161237125180741 0.37788685753719647 0.45613099206524582 0.32613839906384784 0.482604611227614 0.44675282397628552 0.46161920861380473 0.32509422562384455 0.45179575345879441 0.39056273816747661 0.36606301549355014 0.44669826194351836 0.35168464252346976 0.43177548048003289 0.4390519652220633 0.46161920861380507 0.25856191669929318 0.4108312300929689 0.46161920861380473 0.28273333126598632 0.37866826505289874 0.44334059336318227 0.3850497416776904 0.47859107940859968
 0.79968184453795388 0.93207858343475369 1 0.69016387156460701 0.85837297987469019 0.87867340280646122 0.69114782630668203 0.40420059690842347 0.86595505997740763 0.47706700642351646 1 1 0.97484740492354938 0.96639772975301175 1 0.70012038032385882 0.32763010526987818 0.83271143352753563 0.88416753437891205 0.95160103105703464 1 0.63889557796140195 0.88495676778567356 0.80308345831670269 0.54947542581465747 0.59246380198881643 0.63678001151351837 0.40904709997041366 1 0.48346749461908162 0.5390313958764622 1 0.71041082685384294 0.99825706101558676 0.33376792212144279 0.97679779418076251 0.85940585416089721 0.99417821914865367 0.96309958406207385 0.80608115568962568 0.8405816433941361 0.79171008270521837 1 0.44295953313930464 0.44577759527903793 0.34629718590800423 1 0.75583388944360241 1 1 0.58924019867231936 0.70703711457176222 0.93282233262128955 0.92444884976089137 0.55187822384682017 0.69333925863437895 0.55970698341455938 0.25856191669929318 1 1 0.69597605710082333 1 0.43053923649738857 0.92879103387852113 0.28554157364170346 0.97704046253331978 0.92581270513759317 0.75055895095061842 0.82427150582965869 0.64353098382676044 0.89591087615031795 0.39914649318818296 1 0.80785725725128643 0.72220295308844995 0.85858256572296987 0.78215139480422746
