# Created by Octave 6.4.0, Sun Jul 23 13:44:53 2023 GMT <unknown@tumajer>
# name: gM_full
# type: matrix
# rows: 12
# columns: 77
 0.59122363544364998 0.4021046739852378 0.46070206332506319 0.41769471501346017 0.44363051734118242 0.46070206332506319 0.28041196550463715 0.44957772399157003 0.46776759432499626 0.40283431417028426 0.3143600661487827 0.46070206332506319 0.42669451454498847 0.25804820574592785 0.40901275416500799 0.27850853839236389 0.29448489445172377 0.45890763599615775 0.27159486782726067 0.31565403677460402 0.3543299925109093 0.38060472496793241 0.3083257737480023 0.42876092935730703 0.2641424290669388 0.44358080960694524 0.3502660078637776 0.44527400803303635 0.43897377001050342 0.46070206332506319 0.41864710556055573 0.38175680352998581 0.4367095979297369 0.43814938094333744 0.46070206332506319 0.38907091265226518 0.31092773118648376 0.46070206332506319 0.34612013376895856 0.46070206332506319 0.39052441078583661 0.29051983257209701 0.41593388524856989 0.31608303674807731 0.4217393013323652 0.42370438914739017 0.25804820574592785 0.42357485986315957 0.36416412364702405 0.36004567300430868 0.37144266105639739 0.41393879821780688 0.32723463707174921 0.43878470686505855 0.41144816603139051 0.25804820574592785 0.26156591177737354 0.46070206332506319 0.36880525771683764 0.25804820574592785 0.32895996643307968 0.46070206332506319 0.44376287984174806 0.4902457731906506 0.46070206332506319 0.45278189094685845 0.25804820574592785 0.31753029520056064 0.31267443095219227 0.45259612135410277 0.46070206332506319 0.31940695400745245 0.27026427912412787 0.46070206332506319 0.3101639764001734 0.25804820574592785 0.41518832391324539
 0.48405545212521972 0.39052430384123632 0.25804820574592785 0.38434192244174897 0.28799139466552048 0.39029690626553598 0.43126099218577935 0.2691254834997418 0.49646937634243798 0.43694858990791907 0.40807578229938252 0.26645514461600794 0.26421503718505113 0.46070206332506319 0.36816308467524522 0.44812147871064789 0.44978281666416453 0.37587764008830815 0.44198007734404543 0.45439692499542095 0.29412577825278202 0.4248185300197197 0.46212108475135261 0.40570969685643038 0.46003002473764426 0.34594818754007878 0.45830596034265481 0.40364769768428738 0.31559350823079785 0.32793872311477912 0.34998223017099084 0.34676326012538666 0.34670344481304044 0.27236773627146121 0.43778691874319808 0.45713177261886712 0.38945558909985584 0.30987736903769064 0.41602451261192491 0.38852421359779332 0.47589778342772948 0.40911393651110439 0.47401462315650544 0.36985620927298979 0.32636234065988734 0.33250976788449943 0.46070206332506319 0.52999381297929549 0.30656588766953458 0.47751809082146807 0.40134375751417301 0.44416187026672904 0.43802651343184024 0.34708598229548437 0.39377325279326286 0.46070206332506319 0.45422584852977915 0.39494354958116951 0.33658005122776824 0.46070206332506319 0.42797633225094234 0.28933465861508839 0.25804820574592785 0.28373325125000953 0.5003566895907966 0.38250320536548621 0.46070206332506319 0.42301940924909437 0.40288074511976879 0.36478738628106427 0.46938291984451791 0.43616980732904626 0.45631872375757004 0.39981529764829377 0.41078797364016628 0.46070206332506319 0.26654141203517323
 0.25804820574592785 0.307323299233494 0.46070206332506319 0.36037157436618844 0.43110557065175953 0.36374317382979326 0.31970753050286205 0.45008090039700749 0.45752573307371419 0.31773491959502392 0.41032971660387146 0.45150615711422531 0.45521469161926015 0.25804820574592785 0.39591199596509008 0.25804820574592785 0.43771138979887825 0.42059431523384982 0.51697872154269875 0.25804820574592785 0.44912377257512004 0.34101616237271692 0.5225835654062394 0.41110920875529766 0.25804820574592785 0.49167728070075417 0.28764464343823382 0.52190631512944674 0.39417685163067051 0.39580519514425383 0.38526511304557332 0.3891532948193509 0.3139957810772615 0.44517196453052787 0.28270571197511168 0.26865759606897205 0.37389041708644322 0.43649019066277733 0.27106707778903127 0.25804820574592785 0.25804820574592785 0.37160754604207136 0.35018670390959089 0.25804820574592785 0.42148681645145092 0.40666617550204481 0.4226274500517877 0.44944919402790046 0.42038233041122097 0.39836048061663293 0.47590236055686491 0.25804820574592785 0.38886339381616225 0.45183462169283128 0.35718243795721327 0.2619301436636351 0.31375403870950258 0.38710416672021492 0.33351338900106225 0.25804820574592785 0.38555437568844231 0.452615036214286 0.46070206332506319 0.44549788427115572 0.37203477439552213 0.33677079426621848 0.39425944874222951 0.30518056512778191 0.25804820574592785 0.44484762493885832 0.47724622297210761 0.25804820574592785 0.39002181334779829 0.34292564620906113 0.26851708165713695 0.4588905445051964 0.44872036674734966
 0.46070206332506319 0.40461007991335279 0.39538012151040325 0.37060569839209123 0.44788285038918568 0.31642859342085505 0.39528484082429094 0.30616371966108391 0.31925425502307608 0.43719854107799638 0.31716453632269748 0.25804820574592785 0.38380670867486733 0.46070206332506319 0.29120701871352245 0.46070206332506319 0.40409818669417769 0.35868015692412208 0.28474200327301474 0.46070206332506319 0.39107725136628557 0.47219708991892179 0.28307223090648959 0.3340975836045243 0.46070206332506319 0.51757716602351245 0.45062939863521123 0.45873964525187938 0.31051445207745382 0.40844263287338423 0.4071396951696426 0.29177879155638559 0.47027854140038522 0.25804820574592785 0.43296227194250864 0.45106477200145823 0.30529100688660143 0.3508734443527986 0.45088834676503076 0.46070206332506319 0.46070206332506319 0.30457093700045179 0.25804820574592785 0.46070206332506319 0.46802789894943442 0.4459903316632951 0.2816371334254465 0.42643947287258327 0.33648825461586335 0.38147120248430055 0.41333979492498119 0.46070206332506319 0.3500083316007625 0.31099325587838977 0.37713607172802638 0.45522475076805657 0.32549042711944515 0.48164577212981846 0.44584155427307931 0.46070206332506319 0.32250706709765742 0.45089812541596996 0.38978676791194083 0.36533572130002945 0.44581076159954269 0.35088171566329429 0.43091762872619116 0.43817965654447311 0.46070206332506353 0.25804820574592785 0.41001499038691525 0.46070206332506319 0.28217159653332757 0.37791592674286162 0.44793167339435419 0.38428472464650726 0.47763753060583508
 0.79814441597604402 0.92879986306303797 1 0.68590141979077102 0.85332219230720585 0.87729582935084038 0.69040455278467583 0.39567960621010306 0.86511885594127358 0.47640429720089189 1 1 0.97710323705405255 0.96296986390660366 1 0.70341456217292597 0.3269801165538504 0.81967209546688913 0.88184779126277202 0.95257886581336493 1 0.64086457806498009 0.88446748849750068 0.78981741897833979 0.55180495770731752 0.59026171761059121 0.62496138791683109 0.40699179237789535 1 0.47431259657597391 0.53243616913087444 1 0.69832777579215111 1 0.32211673941493707 0.97789706852373093 0.85706805150340382 0.99116572447906059 0.96363122629804743 0.80746368951345282 0.83927404656488558 0.79079429931362644 1 0.43422168274729445 0.43759576778955045 0.33804058118184138 1 0.75636428100248831 1 1 0.59045926653754377 0.70598096872440408 0.94246250999957881 0.90875097724243525 0.55989966763785504 0.69423378414809733 0.56000891912179462 0.25804820574592785 1 1 0.6934137684389069 1 0.46287868927763637 0.94492004422478482 0.32235047340250439 0.96103309697244088 0.90895324583013348 0.79078874537285193 0.80540249292559152 0.70675794020646421 0.86120021804882729 0.40305675285217207 1 0.80018233098870606 0.69473810150819615 0.85104852043714707 0.7911432143272652
