# Created by Octave 6.4.0, Sun Jul 23 14:46:40 2023 GMT <unknown@tumajer>
# name: gM_full
# type: matrix
# rows: 12
# columns: 77
 1 0.9946891289248484 1 1 1 1 0.69365702950807295 1 1 0.99649404492569804 0.77763665162277085 1 1 0.63833564143912502 1 0.68866348049919057 0.72846916507422921 1 0.67184611365516023 0.78083558633906791 0.87650856705924185 0.94150455549525103 0.76270583315284746 1 0.65341096405741528 1 0.86645545997009676 1 1 1 1 0.94435446024762404 1 1 1 0.9624466931319946 0.7691440913313462 1 0.85619978238461547 1 0.96605771275254826 0.71866093057933711 1 0.78189680655740978 1 1 0.63833564143912502 1 0.9008353256531344 0.89064748565186913 0.91884029426944613 1 0.80948259784437826 1 1 0.63833564143912502 0.64703741531694081 1 0.91231618295251715 0.63833564143912502 0.81374282198642578 1 1 1 1 1 0.63833564143912502 0.78547689985789859 0.77346491469116019 1 1 0.79011920380183354 0.66855462712515046 1 0.76724274303687467 0.63833564143912502 1
 1 0.96604268675097027 0.63833564143912502 0.95075006828552888 0.71240631614298378 0.96548017178626921 1 0.66573650223844938 1 1 1 0.65913194459751945 0.65359057526422415 1 0.91072758336390092 1 1 0.92981113274871541 1 1 0.72758098349123779 1 1 1 1 0.85577443780224294 1 0.99850611738187467 0.78068585645924105 0.81122430038637672 0.86575347711760009 0.85779068852585472 0.85764272297165123 0.67375796370135876 1 1 0.96339899966164311 0.76654580317795595 1 0.96109504960389647 1 1 1 0.91491587745807401 0.80732479214299258 0.82253172562768717 1 1 0.75835416868414018 1 0.99280684455772894 1 1 0.85858901210035043 0.9740796343720548 1 1 0.9769746056764399 0.83260036628499778 1 1 0.71572915751826449 0.63833564143912502 0.70187291715800415 1 0.94620080192026235 1 1 0.99660890148839398 0.90238035183910914 1 1 1 0.98902588275611658 1 1 0.6593452996322513
 0.63833564143912502 0.76022778293817417 1 0.891453198986079 1 0.8997940191622833 0.79086274196922435 1 1 0.78598308064577216 1 1 1 0.63833564143912502 0.97937025823248991 0.63833564143912502 1 1 1 0.63833564143912502 1 0.84357405284044373 1 1 0.63833564143912502 1 0.71154855522017491 1 0.97507801962343055 0.97910606429912128 0.95303298989880281 0.96265121219731387 0.77673354768635416 1 0.69933108610651606 0.66458020188659861 0.92489532538663277 1 0.67054051576648488 0.63833564143912502 0.63833564143912502 0.91924817140538517 0.86625928522701678 0.63833564143912502 1 1 1 1 1 0.98542709174574183 1 0.63833564143912502 0.96193408206928455 1 0.8835646812002923 0.6479384182674448 0.77613554790976069 0.95758226976552341 0.82501445877738144 0.63833564143912502 0.95374785027497988 1 1 1 0.92030500915495472 0.83307228584218485 0.97528234067280817 0.75492728667682862 0.63833564143912502 1 1 0.63833564143912502 0.96479967252221943 0.8482975562880537 0.66422246322154332 1 1
 1 1 0.9780545566944141 0.91677023191786788 1 0.78275161250242131 0.97781886019844189 0.75735880342160899 0.78974147126206551 1 0.78457192493060079 0.63833564143912502 0.94942532486287978 1 0.72036082771718724 1 0.99962049489206839 0.88726959902629965 0.70436827405380864 1 0.96741051688977797 1 0.70023776148338546 0.82645951641855653 1 1 1 1 0.76812175992472609 1 1 0.72177522617561285 1 0.63833564143912502 1 1 0.7552004872238115 0.86795807983808582 1 1 1 0.75341924533791016 0.63833564143912502 1 1 1 0.6966877359155822 1 0.83237333592790652 0.9436479669543798 1 1 0.86581804440597787 0.76930618025072472 0.93292412384905943 1 0.80516793355330107 1 1 1 0.7977885674186358 1 0.96421823899265191 0.90373351491656262 1 0.86797850410711097 1 1 1 0.63833564143912502 1 1 0.6980098410230704 0.93485325662363306 1 0.95060779629682335 1
 1 1 1 1 1 1 1 0.97879215848333467 1 1 1 1 1 1 1 1 0.80885298886362644 1 1 1 1 1 1 1 1 1 1 1 1 1 1 1 1 1 0.79681561041785864 1 1 1 1 1 1 1 1 1 1 0.83620648290368882 1 1 1 1 1 1 1 1 1 1 1 0.63833564143912502 1 1 1 1 1 1 0.79739416354764869 1 1 1 1 1 1 0.99702230181602725 1 1 1 1 1
 0.63833564143912502 1 0.63833564143912502 1 1 1 1 1 1 1 0.63833564143912502 1 0.83929201193708725 1 1 1 1 1 0.63833564143912502 0.64639744211058892 1 1 1 1 1 1 1 1 1 1 1 1 1 1 1 1 1 1 0.63833564143912502 0.85761404179546641 1 1 1 1 1 1 0.63833564143912502 1 0.63833564143912502 1 1 1 0.63833564143912502 1 1 1 1 1 1 1 1 0.63833564143912502 1 1 1 1 1 1 1 1 1 1 1 1 1 1 0.63833564143912502
 0.25679778860409452 1 1 1 1 1 1 0.98323859218440002 1 1 1 0.80627782129453485 1 1 0.63833564143912502 1 1 1 0 0 1 1 1 0.87940385087308059 1 1 0.63833564143912502 0.63833564143912502 1 1 1 1 1 1 1 1 1 1 1 1 1 1 1 1 0.72063048407848163 0.63833564143912502 1 1 0 1 1 1 1 1 1 1 0.63833564143912502 1 1 1 1 1 1 0.78687460054240044 0.63833564143912502 1 1 1 1 1 1 1 1 1 1 0.95989516123892926 1
 1 0.63833564143912502 1 0.69656339715842208 1 1 1 1 1 0.63833564143912502 1 1 1 1 1 1 1 1 0.63833564143912502 1 1 1 1 1 0.94112886176821497 1 1 1 0.87642092581337239 1 1 0.77370185628230903 1 1 1 1 1 1 1 1 1 1 1 1 1 1 1 1 1 0.95283021480523045 1 1 0.63833564143912502 0.68491638868173466 1 1 1 1 1 1 1 1 1 1 1 0.63833564143912502 1 1 1 1 1 1 1 1 1 1 1
 0.76176871900661802 1 0.72758639831988847 1 0.90251415668137025 0.63833564143912502 1 1 1 1 1 1 1 0.63833564143912502 0.80234212811647887 0.63833564143912502 0.81233825856008945 0.63833564143912502 1 1 0.65586919641979724 1 0.63833564143912502 1 1 0.93653282507010316 1 0.63833564143912502 1 0.63989428433635331 1 1 0.96996709521219715 1 0.67795591421733103 0.9763292709125152 0.81755656433864843 1 0.93022943846866368 1 0.63833564143912502 1 1 0.63833564143912502 1 1 1 1 0.63833564143912502 1 0.63833564143912502 1 1 1 0.63833564143912502 0.77258815800082503 1 0.74931423098815231 0.63833564143912502 0.85571738449932544 1 1 1 1 1 1 0.63833564143912502 1 1 1 0.63833564143912502 1 1 0.845410778491413 0.63833564143912502 1 1
 0.95914561973129098 0.63833564143912502 1 0.63833564143912502 0.69885413929643081 1 0.88368482268383441 1 0.63833564143912502 1 0.63833564143912502 0.63833564143912502 0.63833564143912502 1 0.88277625436897134 1 1 1 0.63833564143912502 0.63833564143912502 1 1 1 1 0.63833564143912502 0.63833564143912502 0.63833564143912502 1 0.63833564143912502 1 1 0.63833564143912502 0.63833564143912502 0.63833564143912502 1 1 0.69171497240039148 0.63833564143912502 0.63833564143912502 0.640287568037747 1 0.63833564143912502 1 1 1 0.63833564143912502 0.63833564143912502 0.63833564143912502 1 0.63833564143912502 1 0.63833564143912502 0.77643382940667116 0.63833564143912502 1 1 0.63833564143912502 1 1 0.72788167032212858 0.63833564143912502 0.63833564143912502 0.63833564143912502 0.63833564143912502 0.95854092854915485 0.82998863336702522 1 0.95201221177552819 0.7229679641029455 0.63833564143912502 1 1 0.63833564143912502 0.9350396003719067 1 0.698790302871927 0.63833564143912502
 0.63833564143912502 1 0.72069142863901003 1 1 0.65485936289835434 0.91036655180528847 0.63833564143912502 1 0.72513131133996678 1 1 1 0.68534935404365327 0.69056215666567167 0.6715800859041241 0.63833564143912502 0.63833564143912502 1 1 0.63833564143912502 0.83689554447297132 0.93448626899417431 0.63833564143912502 1 1 1 0.63833564143912502 1 0.63833564143912502 0.63833564143912502 1 1 1 0.76826873894587144 0.63833564143912502 1 1 1 1 0.68484145203252733 1 0.63833564143912502 0.63833564143912502 0.63833564143912502 1 1 1 0.63833564143912502 1 0.63833564143912502 1 1 1 0.63833564143912502 0.63833564143912502 1 0.91018755914060967 0.63833564143912502 0.95808765555975217 1 1 1 1 0.74174174034823159 0.70829654519694563 0.63833564143912502 0.63833564143912502 0.99404724235376385 1 0.63833564143912502 0.63833564143912502 1 0.73731237806472227 0.63833564143912502 0.99858905453949542 1
