# Created by Octave 6.4.0, Wed Feb 08 14:22:22 2023 GMT <unknown@tumajer>
# name: gM_full
# type: matrix
# rows: 12
# columns: 77
 0.65424113869644451 0.44496431470615377 0.50980749828009631 0.46293228202519743 0.49091632577914945 0.50980749828009631 0.31030059121062892 0.5048760666647063 0.51762613199121732 0.44577172597472603 0.34970085840230924 0.50980749828009631 0.47217514377949282 0.28555311703515474 0.45260871518690882 0.30821137545075517 0.32677610434927357 0.50782180605030214 0.30054369436377687 0.34929905381502518 0.39209741268324966 0.42117272336281669 0.3421224599694585 0.47458064122020205 0.29229691306424405 0.49086131978361791 0.38760025495174394 0.49273499329718379 0.48576322381637205 0.50980749828009631 0.46326997541019971 0.42244759998330228 0.48325771755525343 0.48485096454644816 0.50980749828009631 0.42045408461980405 0.34406897950062665 0.50980749828009631 0.38301247931816135 0.50980749828009631 0.42545905629119679 0.32148583832113203 0.46026755764468541 0.34977378015260685 0.46669176297338277 0.46886630609491364 0.28555311703515474 0.46872297050863249 0.40297974682361931 0.39842231766040032 0.41103409092841775 0.45805981774297222 0.36211401023926776 0.48555286207114884 0.45530371338579045 0.28555311703515474 0.28944576925952897 0.50980749828009631 0.40795505756030404 0.28555311703515474 0.33686772441173152 0.50980749828009631 0.49106279656938739 0.54250022100806217 0.50980749828009631 0.50036445202327662 0.28555311703515474 0.35137529937676681 0.34600185696893082 0.50375931590908041 0.50980749828009631 0.3534519879953541 0.29907128051546888 0.50980749828009631 0.34928325565482476 0.28555311703515474 0.45945254973192878
 0.53565008434242467 0.43214961296667981 0.28555311703515474 0.42510727702603535 0.31868789859756097 0.43189797747725733 0.47722835436249161 0.29290449576941807 0.54938718723999369 0.4835221832744358 0.45003263549326378 0.29485613695787027 0.29237726035590256 0.50980749828009631 0.40740495018130113 0.49587593506110705 0.49749007701767778 0.41594178669358256 0.48908996824141876 0.50283030617692814 0.32547613550611953 0.47009920131303889 0.51144145378323913 0.44893752206410314 0.5090638282636718 0.38282220563857067 0.50715599883104512 0.44667180662863798 0.34923207363857522 0.36289314359408786 0.38728622988620992 0.38372415539897209 0.38365796447608808 0.30139894151677149 0.484449868128211 0.5051035465877266 0.43096698577211956 0.34290666106970935 0.46036784482172627 0.42993633656851299 0.52525660964037391 0.45272068238401925 0.52453902080549675 0.40927854199728486 0.36114873726375635 0.36795140810837801 0.50980749828009631 0.58648493551082537 0.33924221463828624 0.52841591702056667 0.44412229346640958 0.49150431469268202 0.48471500079971735 0.38408171356683346 0.43574486176004956 0.50980749828009631 0.50264099496713255 0.43703989845552654 0.37260332583326949 0.50980749828009631 0.48457206800380342 0.320174338724867 0.28555311703515474 0.31397588705085383 0.5536888424743408 0.42339269147811986 0.50980749828009631 0.4681083153757013 0.44582310591869379 0.40294563285303475 0.51941363225998483 0.482660391609398 0.50495694614041742 0.44243091771084753 0.44934863436542988 0.50980749828009631 0.29494222203034282
 0.28555311703515474 0.34008035738894743 0.50980749828009631 0.39890418834570718 0.47705636671636381 0.40251392869449037 0.35378460241878557 0.50270447720126166 0.50629260848892754 0.35160173433100927 0.45432943872828085 0.49963141635432945 0.50373523712876178 0.28555311703515474 0.4381115698620785 0.28555311703515474 0.48435338197028188 0.46542473478983903 0.57208258802123657 0.28555311703515474 0.49699509757369165 0.37736448445130272 0.57831113277288293 0.45493139737973765 0.28555311703515474 0.54408431042417615 0.3183041877575602 0.57753540527338876 0.43619147949846931 0.43799338532673732 0.42632985413346858 0.4306324704678548 0.34746404751514148 0.49262207315449086 0.31283882414442921 0.2977710084089264 0.4137427490339865 0.48301492404774055 0.29995964809954939 0.28555311703515474 0.28555311703515474 0.41121655071912 0.38751249812644162 0.28555311703515474 0.46641236616633691 0.45001201876873226 0.46767457792646011 0.49735520513546655 0.46519015487214177 0.44082103425164765 0.52662796886564034 0.28555311703515474 0.43031166941886917 0.49999488279167315 0.3952538953489993 0.28984882399166684 0.34719653824712127 0.42836492935389436 0.36884883719829942 0.28555311703515474 0.42415580329200209 0.50085848895699359 0.50980749828009631 0.49298273211575178 0.41168931660276958 0.37257314204201208 0.43628288049308422 0.33770923296630351 0.28555311703515474 0.49229840081208537 0.5281150712480408 0.28555311703515474 0.43159356288190209 0.37947749686237603 0.30221701551514829 0.50780289280692303 0.49656175809484066
 0.50980749828009631 0.44773676751257241 0.43752300383051795 0.41002096029372548 0.49562190764134034 0.35015616911260272 0.43741756734110715 0.33644188107366357 0.35328301309072052 0.48379877630679519 0.35078846114803913 0.28555311703515474 0.42471600096696827 0.50980749828009631 0.32224627044310772 0.50980749828009631 0.44717185688425498 0.39691125358641555 0.31509216020474773 0.50980749828009631 0.43276149821067239 0.52252775984823974 0.31323649336580822 0.36970682992700382 0.50980749828009631 0.57274481966270385 0.49866120570765676 0.50763590946356518 0.34361164968719937 0.45197782565430894 0.45053601007752342 0.32287898756293293 0.52040471656620013 0.28555311703515474 0.4791109705817308 0.49871762283921073 0.33783144652090119 0.38827243704399855 0.49894775467011382 0.50980749828009631 0.50980749828009631 0.33703462563280856 0.28555311703515474 0.50980749828009631 0.51791418203470474 0.49352766862245895 0.31165634765802325 0.4718929176569796 0.37235395484936384 0.42213155721684248 0.45739696772668842 0.50980749828009631 0.38731511342217106 0.34414149251547393 0.41733435238206873 0.50374636846480514 0.3601838879692662 0.53298356073008235 0.49338921313538497 0.50980749828009631 0.35903096791201516 0.49895857561051921 0.43133346436015507 0.40427622304115268 0.4933289584966416 0.38839689191357912 0.47684839238648036 0.48488446717146905 0.50980749828009664 0.28555311703515474 0.45371777803175156 0.50980749828009631 0.31224777826283828 0.41819733079216065 0.4896249182643812 0.42524496783306143 0.5285510615111757
 0.88314827426172782 1 1 0.76220305285010204 0.94796519741998575 0.97038637488248924 0.76328786946951765 0.4463939150779373 0.95634004623362578 0.52685917328629717 1 1 1 1 1 0.77319473277223705 0.36183131299643334 0.91962902730367502 0.9764555897711894 1 1 0.70558069140020996 0.97732721521072607 0.88690790490458826 0.60682328863779889 0.65430173195186803 0.7032463008282086 0.45174418197280791 1 0.53393190722316763 0.59529481027325915 1 0.78456289409859503 1 0.36860724230926961 1 0.94910788479064379 1 1 0.89021291802528257 0.92831767251169939 0.87434697198525391 1 0.48919333818857158 0.49230428694522127 0.38244449045117329 1 0.83472526824932869 1 1 0.65074425830477911 0.78083498742114599 1 1 0.60948347732657204 0.76570753011736647 0.61813105748381669 0.28555311703515474 1 1 0.768620491348465 1 0.47548003015017126 1 0.31534773636633734 1 1 0.82890255809441149 0.91030592137570587 0.7107050485167925 0.98942143286314332 0.44080570948001563 1 0.89217677024466879 0.79758053967121489 0.94819853549192534 0.86378887800976423
