# Created by Octave 6.4.0, Sun Jul 23 15:47:20 2023 GMT <unknown@tumajer>
# name: gM_full
# type: matrix
# rows: 12
# columns: 77
 0.84522109951703761 0.57485414028095927 0.65862574019250519 0.59714189587799194 0.63422003310989883 0.65862574019250519 0.40088064074724006 0.64272222227915987 0.66872671640932013 0.5758972435036408 0.44941327323369978 0.65862574019250519 0.6100081003544009 0.36890911511902835 0.58473002273061092 0.398162300872903 0.42099948705386397 0.65606040323874359 0.38827560172874909 0.45126317020363937 0.50655482613986069 0.5441175298707025 0.44078660643544038 0.61296227419830607 0.3776214970795736 0.63414897027805694 0.50074490013903117 0.63656958905850769 0.62756268576610397 0.65862574019250519 0.59850341843318267 0.54576455656343292 0.6243257955254673 0.6263841282930811 0.65862574019250519 0.55622091055974476 0.44450638145846877 0.65862574019250519 0.49481790390476749 0.65862574019250519 0.55829869717125336 0.41533098069367941 0.59462456292428911 0.45187647421845561 0.60292406225302841 0.60573337768646263 0.36890911511902835 0.60554820091497763 0.52061382959195435 0.51472603828616459 0.53101932257839424 0.59177236021674973 0.46781894898077742 0.62729239869299014 0.58821171962511343 0.36890911511902835 0.37393807401280649 0.65862574019250519 0.5272488555000503 0.36890911511902835 0.47028557921675307 0.65862574019250519 0.63440926028478828 0.70086181710046935 0.65862574019250519 0.64730295526300485 0.36890911511902835 0.45394549397199674 0.44700348645899945 0.64703750746305366 0.65862574019250519 0.45662839013021467 0.38637337458618415 0.65862574019250519 0.44341462689012934 0.36890911511902835 0.59355869813588991
 0.69201205253826481 0.558298690533788 0.36890911511902835 0.54946026887948674 0.41171629254635334 0.55797359996325169 0.61653639696008877 0.38474534803992111 0.70975916217187218 0.62466746160656594 0.58339053183690637 0.38092778570213093 0.37772529860195131 0.65862574019250519 0.52633079697040253 0.640638712316837 0.6430154408580111 0.53735962704012941 0.63186054234288946 0.64961183135648881 0.42048608815270416 0.60732616815807594 0.66065439311264051 0.5800079284793741 0.65766498497278225 0.49457208731030328 0.65520023979648745 0.57706006729284687 0.45117663779985678 0.46882551966531671 0.50033920781021268 0.4957373258181027 0.49565181305941319 0.38938050464031659 0.62586594755576119 0.65352160614563881 0.55677084185753911 0.44300476989040649 0.59475412499709734 0.55543933516747623 0.68034971142421041 0.58487467434582441 0.6776575511411228 0.5287513102048762 0.46657190253652386 0.4753603454987011 0.65862574019250519 0.75768613852428268 0.43827063249259629 0.68266615467856429 0.57376632406767236 0.63497966225365776 0.62620847527967494 0.49619869365018154 0.56294343076553799 0.65862574019250519 0.64936725818701002 0.56461650247400152 0.48117927667002741 0.65862574019250519 0.61184057509709933 0.413636640388238 0.36890911511902835 0.40562879461190643 0.71531651641309646 0.54683162283621034 0.65862574019250519 0.60475412139818818 0.5759636218008235 0.52150482179326474 0.67103600705644295 0.62355410377014309 0.6523592601895315 0.57158121770358616 0.58726779593032385 0.65862574019250519 0.38105111518996243
 0.36890911511902835 0.43935343804450278 0.65862574019250519 0.51519195583593436 0.61631420428713468 0.5200120341865756 0.45705809824861293 0.64344157567335525 0.65408481661210771 0.45423802770256472 0.58661276679812391 0.64547915150318891 0.65078092129727083 0.36890911511902835 0.56600100618523497 0.36890911511902835 0.62575797035798375 0.60128717503962614 0.73907959231254283 0.36890911511902835 0.6420732631744791 0.48752119914397479 0.74709235144413111 0.58772714183692421 0.36890911511902835 0.70290831909924123 0.41122057242284005 0.74612414503283275 0.56352042098153565 0.56584832232450122 0.5507800820743266 0.55633867797093406 0.44889250600863217 0.63642370632274048 0.40415981092509157 0.38407643894587346 0.5345186668519234 0.62401212800559147 0.38752106613564541 0.36890911511902835 0.36890911511902835 0.5312550443265287 0.50063152616117346 0.36890911511902835 0.60256310654039413 0.58137532295423167 0.60419377136504937 0.64253848997130536 0.60098411874396773 0.56950139210565687 0.68035628540253978 0.36890911511902835 0.55592423167688099 0.64594872879347554 0.51063271973528201 0.37445878471672506 0.44854690793435403 0.55340921743997384 0.47679513479098623 0.36890911511902835 0.55119362260353499 0.64706441967583472 0.65862574019250519 0.63688964547843929 0.531865815610017 0.48145196466633072 0.56363850290056516 0.43629015713313735 0.36890911511902835 0.63596002772107763 0.68227748881883876 0.36890911511902835 0.5575803235032788 0.4902510223968185 0.38387565824410708 0.65603596901805838 0.64149654826250024
 0.65862574019250519 0.57843590160839475 0.56524063145654524 0.52982278637576385 0.6402992244663962 0.4523704865911029 0.56510441693220848 0.43769569295568378 0.45641008965010471 0.62502479509280218 0.45342260218933922 0.36890911511902835 0.54869512796922959 0.65862574019250519 0.41631339105620258 0.65862574019250519 0.57770409232011999 0.51277387850514122 0.40707091979586452 0.65862574019250519 0.55908919160153825 0.67505918167585865 0.40468379107075014 0.47763030777397925 0.65862574019250519 0.73993513642774666 0.6442257260289399 0.65582024145718509 0.44391555219860734 0.58391496981987479 0.58205227291038431 0.41713080504635219 0.67231639943391164 0.36890911511902835 0.6189685689173039 0.64484814186346373 0.43644804612678689 0.50161329934765186 0.64459592168737245 0.65862574019250519 0.65862574019250519 0.43541862472951176 0.36890911511902835 0.65862574019250519 0.66909885133033331 0.63759365475899854 0.40263215695031335 0.60964348941896152 0.4810480425525816 0.54535625754528527 0.5909160172165302 0.65862574019250519 0.50037652275814104 0.44460005642107647 0.53915869749405587 0.65079530198893498 0.46532540345029688 0.68856714226557425 0.63738096072498873 0.65862574019250519 0.46106034678366503 0.64460990137560403 0.55724429945108933 0.52228876103430388 0.63733693902974442 0.50162512448388408 0.61604552003391633 0.62642741069139263 0.65862574019250564 0.36890911511902835 0.58616283283946358 0.65862574019250519 0.40339623245171913 0.5402735884990616 0.64036890226455945 0.54937850590088666 0.68283690722581669
 1 1 1 0.98057389916341853 1 1 0.98701169256333887 0.56566881078740283 1 0.68107410843994087 1 1 1 1 1 1 0.46745508309275829 1 1 1 1 0.91618870301878519 1 1 0.78886797332285041 0.84384618955336599 0.89345322694701645 0.58184091990005671 1 0.67808366390417341 0.76117792760261738 1 0.99833879649135282 1 0.46050240251281305 1 1 1 1 1 1 1 1 0.62076922209801511 0.62559289553903596 0.4832673369763873 1 1 1 1 0.84412853516828668 1 1 1 0.80044009430192331 0.9924860283823177 0.80059623204784536 0.36890911511902835 1 1 0.99131369056049179 1 0.66173758096677548 1 0.46083654809727487 1 1 1 1 1 1 0.57621546266608703 1 1 0.99320709764215298 1 1
 0.36890911511902835 1 0.36890911511902835 1 1 0.86778005644551481 1 1 1 1 0.36890911511902835 1 0.48507790290285435 1 1 1 1 0.62719607352514795 0.36890911511902835 0.37359802907195711 1 1 1 1 0.92327163224275 1 1 1 1 1 1 1 0.8986764833200801 1 1 0.83929210431340484 1 0.73745428784231193 0.36890911511902835 0.49565660891387553 0.94827928778518622 0.77143340376962688 0.59963094309312792 1 1 1 0.36890911511902835 0.88010546987908733 0.36890911511902835 1 1 1 0.36890911511902835 1 1 1 1 1 0.80448623543459052 1 1 0.36890911511902835 1 1 1 0.81592674183177605 1 1 0.75600309896021822 1 0.98388492531385852 1 1 1 1 1 0.36890911511902835
