# Created by Octave 6.4.0, Wed Feb 08 14:28:15 2023 GMT <unknown@tumajer>
# name: gM_full
# type: matrix
# rows: 12
# columns: 77
 1 0.68409558711067064 0.78378658315478045 0.71172206627988444 0.75474297827204173 0.78378658315478045 0.47706132404169554 0.77620351555893463 0.79580708152338508 0.68533691471281444 0.53763450823944237 0.78378658315478045 0.72592997129715731 0.43901414291716606 0.69584821639386318 0.47404866856203703 0.50239116013451179 0.78073374667583906 0.46206090747742939 0.53701821336974442 0.60281712683242505 0.64751799625585005 0.52598610207259955 0.72963060157842685 0.44938216783826801 0.75465841113359011 0.59590312124369527 0.75753902816276242 0.74682051304020536 0.78378658315478045 0.7122390163540987 0.6494780129164236 0.74296850576667539 0.74541799036539758 0.78378658315478045 0.64641314902074909 0.52897740955583938 0.78378658315478045 0.58884979817516936 0.78378658315478045 0.65409658812435789 0.49425771021502418 0.70762304901431905 0.53774806558910571 0.71749972984198707 0.72084290884366387 0.43901414291716606 0.72062254231356226 0.61954780953404109 0.61254114163711892 0.63193069300819593 0.70422883272700276 0.55672014192693497 0.74649710554665338 0.69999155174502192 0.43901414291716606 0.44499877161848006 0.78378658315478045 0.62719689737874684 0.43901414291716606 0.5179123634623477 0.78378658315478045 0.75496816491719665 0.83404892242484896 0.78378658315478045 0.76926863693046954 0.43901414291716606 0.540210268057284 0.53194904773623086 0.77449737097050075 0.78378658315478045 0.54340300390783558 0.45979719377559403 0.78378658315478045 0.53700230589005427 0.43901414291716606 0.70637001533787624
 0.82351740762874159 0.66439405011010733 0.43901414291716606 0.65356642208445714 0.4899561108403403 0.66400718149573768 0.73369886184932054 0.45031719363554834 0.84463705961278457 0.74337509979108418 0.69188891850532819 0.45331676149936656 0.44950569510965421 0.78378658315478045 0.62635119126377958 0.7622509702450474 0.76484954596638299 0.63947586664318301 0.75193510561629173 0.77305973120182614 0.5003924599135765 0.72273838259338763 0.78629874358706442 0.69020374128063333 0.78264325242085753 0.58855726823456667 0.7797101235098759 0.68672071377946864 0.53691523692507481 0.55791799459104163 0.59542033385047288 0.58994394089683089 0.58984217786380733 0.46337577876916203 0.7448013380167634 0.77655464906843263 0.66257585926140972 0.52719044174037977 0.70777723219932953 0.66099132192045029 0.80753604606110208 0.6960203566372779 0.80643507252342372 0.62923168268972141 0.55523611509359083 0.56569465514178618 0.78378658315478045 0.90167175890227225 0.52155666044581583 0.81239547767224285 0.68280104955940013 0.75564696227193451 0.74520895742484139 0.59049365445370761 0.66992144579740742 0.78378658315478045 0.77276868097840012 0.67191245689479673 0.57284662649792828 0.78378658315478045 0.7449864833378429 0.49224138877833817 0.43901414291716606 0.48271178539899429 0.851250496389241 0.65093102100340128 0.78378658315478045 0.71967756122151483 0.68541590709888378 0.61949307024572797 0.79855521436327492 0.7420501668569669 0.77632926308632544 0.68020070015544831 0.69082896170948838 0.78378658315478045 0.45344913527028202
 0.43901414291716606 0.52284523514303571 0.78378658315478045 0.61328235355232696 0.73343444516271217 0.61883165294349818 0.54391437089111627 0.77286540285390792 0.77838273274285075 0.54055839294695551 0.69849347675997198 0.76814170443211049 0.77445098719770977 0.43901414291716606 0.67356006245736644 0.43901414291716606 0.74465299707118782 0.715551779499768 0.87952934874480015 0.43901414291716606 0.76408858380098232 0.5801664763070028 0.88910525483559677 0.69941920228628451 0.43901414291716606 0.83648432801432393 0.4893661873707596 0.8879126012804146 0.67060808338581734 0.67337836357406389 0.65544665544436376 0.66206156983211106 0.5341970439622612 0.75736542284485475 0.48096364584972284 0.45779813366958028 0.6360950293285923 0.74259523096332769 0.4611629849725869 0.43901414291716606 0.43901414291716606 0.63221120974519984 0.59576820243123307 0.43901414291716606 0.71707018051311766 0.69185601184614853 0.71901072600533245 0.76464221919544773 0.71519113240691634 0.67772563837228406 0.80964665624467402 0.43901414291716606 0.66156836492848536 0.76870050386448852 0.60766995612921182 0.44561843471169166 0.5337857707349134 0.65857541415988208 0.56707432694271154 0.43901414291716606 0.65210482310297058 0.77002822639534085 0.78378658315478045 0.75791990597012171 0.63293804792986352 0.57280017952354312 0.67074860480519205 0.51919982875782433 0.43901414291716606 0.75686791649186369 0.81193295234474161 0.43901414291716606 0.66353916940026858 0.58341505696426277 0.4646405131971012 0.78070466913881875 0.76342232540664068
 0.78378658315478045 0.68835800247221735 0.67265519118655526 0.6303728194763315 0.76197741860876533 0.53833595677823565 0.67249309136249624 0.51725181972548229 0.54314321906044039 0.74380033854980943 0.53930819742783431 0.43901414291716606 0.65296549056673403 0.78378658315478045 0.49542681129065608 0.78378658315478045 0.68748949959521577 0.61021800643123814 0.48442796243465891 0.78378658315478045 0.66533477272852659 0.80334292625480408 0.48157501799531194 0.56839343730723968 0.78378658315478045 0.88054747475760642 0.76665008634045551 0.78044794615107194 0.52827430304396927 0.69487827626396559 0.69266160485705108 0.49639956118375173 0.8000789239685816 0.43901414291716606 0.73659322754391565 0.76673682298305346 0.51938772192278648 0.59693654524613426 0.76709063151279688 0.78378658315478045 0.78378658315478045 0.51816267614889844 0.43901414291716606 0.78378658315478045 0.7962499344828341 0.75875770047896918 0.47914568670226482 0.72549607213131939 0.57246320420969465 0.6489921234760172 0.70320975601440072 0.78378658315478045 0.59546473988223347 0.52908889225649236 0.64161682044727453 0.77446810070010585 0.55375273963454197 0.8194178495836556 0.75854484293190283 0.78378658315478045 0.55197971074457841 0.76710726780774241 0.66313928957831325 0.62154103377674064 0.75845220020469295 0.5971278925690271 0.73311470194600159 0.74546949786201222 0.783786583154781 0.43901414291716606 0.69755330817967609 0.78378658315478045 0.48005496201595677 0.64294357790310686 0.7527492515292673 0.6537787330827346 0.8126032431020509
 1 1 1 1 1 1 1 0.68629560532381317 1 0.81001959659739131 1 1 1 1 1 1 0.55628551833014761 1 1 1 1 1 1 1 0.9329637794474952 1 1 0.69452553126644156 1 0.82088510871000264 0.91522806557376302 1 1 1 0.56670818685105684 1 1 1 1 1 1 1 1 0.75210728370732627 0.75689269667455428 0.58798168684928953 1 1 1 1 1 1 1 1 0.9370404298225542 1 0.95033219682604908 0.43901414291716606 1 1 1 1 0.73101711263869373 1 0.48482377030839346 1 1 1 1 1 1 0.67771725681927886 1 1 1 1 1
 0.43901414291716606 1 0.43901414291716606 1 1 1 1 1 1 1 0.43901414291716606 1 0.58255613896615999 1 1 1 1 0.72691162041362678 0.43901414291716606 0.44615072149487384 1 1 1 1 1 1 1 1 1 1 1 1 1 1 1 0.9920127842978953 1 0.87840965419189532 0.43901414291716606 0.59244075830960519 1 0.91832388235934737 0.7150661684143359 1 1 1 0.43901414291716606 1 0.43901414291716606 1 1 1 0.43901414291716606 1 1 1 1 1 0.94235839349754624 1 1 0.43901414291716606 1 1 1 0.95415651233307253 1 1 0.86288437673645679 1 1 1 1 1 1 1 0.43901414291716606
 0.48136643835879855 1 0.63581038608579388 1 1 1 1 0.68049739834940426 1 1 0.55558660473333688 0.55458785251144582 0.778052478788964 0.96387423680744488 0.43901414291716606 1 0.87042602912986478 1 0.45962387863055276 0.3289678090898705 1 1 1 0.61932757499420976 1 0.89612254450976747 0.43901414291716606 0.43901414291716606 1 1 1 1 1 1 1 1 1 1 0.52459406036369793 1 1 1 1 1 0.50222233920268367 0.43901414291716606 0.56379775229339824 1 0.36172431579050646 1 1 1 0.84252811156087504 1 0.7198879504539244 1 0.43901414291716606 1 1 1 1 0.62840923818350625 1 0.53318139358508887 0.43901414291716606 1 1 1 1 1 1 0.81090479150590478 1 1 0.95656110937435124 0.64078201328369955 0.56534391072156487
