# Created by Octave 6.4.0, Sun Jul 23 10:39:07 2023 GMT <unknown@tumajer>
# name: gINT_full
# type: matrix
# rows: 12
# columns: 77
 0 0 0 0 0 0 0 0 0 0 0 0 0 0 0 0 0 0 0 0 0 0 0 0 0 0 0 0 0 0 0 0 0 0 0 0 0 0 0 0 0 0 0 0 0 0 0 0 0 0 0 0 0 0 0 0 0 0 0 0 0 0 0 0 0 0 0 0 0 0 0 0 0 0 0 0 0
 0 0 0 0 0 0 0 0 0 0 0 0 0 0 0 0 0 0 0 0 0 0 0 0 0 0 0 0 0 0 0 0 0 0 0 0 0 0 0 0 0 0 0 0 0 0 0 0 0 0 0 0 0 0 0 0 0 0 0 0 0 0 0 0 0 0 0 0 0 0 0 0 0 0 0 0 0
 0 0 0 0 0 0 0 0 0 0 0 0 0 0 0 0 0 0 0 0 0 0 0 0 0 0 0 0 0 0 0 0 0 0 0 0 0 0 0 0 0 0 0 0 0 0 0 0 0 0 0 0 0 0 0 0 0 0 0 0 0 0 0 0 0 0 0 0 0 0 0 0 0 0 0 0 0
 0 0 0 0 0 0 0 0 0 0 0 0 0 0 0 0 0 0 0 0 0 0 0 0 0 0 0 0 0 0 0 0 0 0 0 0 0 0 0 0 0 0 0 0 0 0 0 0 0 0 0 0 0 0 0 0 0 0 0 0 0 0 0 0 0 0 0 0 0 0 0 0 0 0 0 0 0
 0.18428029320427666 0.12607907049390268 0.26661220881453013 0.019656186960844025 0.20206645859442918 0.13471531908016154 0.080269685457561177 0 0.15420082398260546 0.093576777348377993 0.21242920697143708 0.20323980641092454 0.23899185020541772 0.15950466426080412 0.19860395044942925 0.15764989822067829 0 0.053266963103621993 0.085887171849460459 0.20173226854869494 0.33352805805106456 0.10966774360839628 0.084308471783866024 0.074823430005174191 0.14525183399641792 0.077738065778624618 0.035631018182002559 0 0.13328185312609375 0 0.012121074326895255 0.22829487691956141 0.018224946443854029 0.17958175453421052 0 0.20719839510776861 0.13759293738279171 0.13842365934299458 0.24495746179494016 0.27462621244930435 0.15696761824175487 0.093792984584849845 0.17799292243985343 0.057186262516864546 0.067719989702219485 0 0.2329344678456606 0.11855081809287631 0.24765413293215172 0.28069098261090519 0.035061413326457326 0.096967708983706116 0.09159710014577313 0.15668504860152621 0.010324227972025408 0.11699932697775363 0 0 0.27990313687462698 0.34489401728124058 0.038331935750446605 0.33725085565271107 0 0.14393486335984995 0 0.16206908197283534 0.2496194490913298 0.048865422394419843 0.15242668210688073 0.015719353246534389 0.17050269032867929 0.059387610254499394 0.17249591465618122 0.1382384434625504 0.084753196980565076 0.13056655803432055 0.1507492726444809
 0.31338877580469071 0.51226533065287327 0.31338877580469071 0.49613355876728171 0.60683668881976249 0.54632826604925833 0.5137631774918977 0.56505152105733258 0.58141659045972216 0.7340755124866315 0.31338877580469071 0.59581987885436183 0.40187554079334886 0.61151524695455417 0.68757923001433174 0.74971791865228732 0.48346423680071765 0.4959097679370883 0.31338877580469071 0.31338877580469071 0.65156164954910345 0.5318905010879672 0.59036376030315363 0.59289337055786173 0.49755418571094973 0.5803637489295268 0.58627833746716673 0.65855696491742033 0.54215592808245938 0.49911860424424564 0.53643940165445947 0.5213664340858527 0.54825581802944834 0.72544565511956094 0.69309686331419007 0.52446651143227463 0.71957116784174668 0.60718365354087789 0.31338877580469071 0.35560236818229662 0.48695117906580965 0.53888280711538772 0.58727574722578202 0.65656640064023775 0.50565622156493051 0.58173414064950157 0.31338877580469071 0.55178898360087203 0.31338877580469071 0.66450943484136815 0.58617047447591353 0.56712563341520605 0.31338877580469071 0.60216020018616478 0.62483615739306797 0.63002027747165923 0.64917670656957871 0.53208247070153569 0.67355269640370174 0.71722180547204961 0.45695155076601301 0.31338877580469071 0.47451406511867639 0.6265618464438345 0.45718984376249527 0.6127695707191787 0.70200234810751372 0.63056595684331662 0.60459966535398801 0.59964077505713698 0.52484002242077576 0.55488144224988456 0.68976051239570557 0.46129564145990382 0.66607978741078877 0.50052032665367052 0.31338877580469071
 0.8106592631523325 0.82678695194666685 0.75705060445120409 0.78999865469368868 0.79661091913893933 0.79011200809094062 0.66716053083529003 0.49968877915639376 0.80434866884795864 0.82804306718783915 0.74927454896131718 0.42591633146480345 0.93266176564314796 0.65325137195222949 0.29671882255488391 0.82261316283061414 0.62670211060605596 0.73811116534233934 0.75200208888726372 0.91798705895427057 0.71339256007059404 0.77003551563274908 0.71409813227657437 0.63891594258306139 0.78050849915778453 0.60843441311063617 0.29671882255488391 0.29671882255488391 0.73658219495333754 0.72950623246738222 0.87123890667887294 0.74830248408393818 0.79737532402041622 0.79920978779361185 0.80626090822119534 0.93480672359533346 0.68477475200706406 0.69909630950241197 0.76153953383996931 0.82727725551156728 0.74082103683996625 0.8131112389519789 0.77287882905424987 0.72927596015900298 0.41197502417190424 0.35703676086591024 0.70716198352711535 0.81869745751395917 0.85074357790578281 0.720596327773801 0.7987457871741962 0.77754149968067665 0.60074287612527455 0.81748101775882276 0.805862201656247 0.72769024033003005 0.29671882255488391 0.73743121926208965 0.79166946483497169 0.79954276969976401 0.78421927727438889 0.77217387181159958 0.77995741031461263 0.3209622390038393 0.29671882255488391 0.83639667451274458 0.80783910190991937 0.7760086962121302 0.83353282871929446 0.77862438086335173 0.83953526304831005 0.58150713966896739 0.78282409836078004 0.78427881901250551 0.62833862546337971 0.56455329147046573 0.76557515782974661
 0.59347189859166949 0.28776120499484692 0.58771300066085364 0.33092680707073502 0.64234517309479999 0.58572366318424951 0.58899916501532878 0.60871382275384955 0.61769962844368886 0.24357211398819459 0.55452829273779924 0.54206317279488736 0.4240544725772229 0.52537979030862836 0.53740339066489962 0.62271108557631571 0.47985894143721947 0.47541491425664467 0.24357211398819459 0.5965623138668531 0.58636852101128045 0.60321535177838936 0.61179406184565499 0.50075737130495934 0.41001624898471051 0.48189354145957158 0.55776170830468574 0.63076045564518013 0.32473547917959 0.5573231000143607 0.65610384786574116 0.37686526013916244 0.51310882269284586 0.67500632880328681 0.55441720877140499 0.58854453670357565 0.56829940859501016 0.52898665994842853 0.54664371987259475 0.54524296170223641 0.68500831446388488 0.61836385753055301 0.45392824436222101 0.57186620187645898 0.63545687557773989 0.5822457103746318 0.5398574009198388 0.51100115590678796 0.56356108937233784 0.42986354876678756 0.6305237032404426 0.60419752758273926 0.24357211398819459 0.39541056214109849 0.47329842508340597 0.60151274457931814 0.58573156824814121 0.49927060161212283 0.55393526090953571 0.56235684098043459 0.61143492997740723 0.61156082946044488 0.57631046054024826 0.56813397718818381 0.53814396032039979 0.24357211398819459 0.4588562536078547 0.48558414875804456 0.60725612694975062 0.53332852981053269 0.59782271500310802 0.55907405403947441 0.55423992379667908 0.51405437813953292 0.60827782994410162 0.62374294563974653 0.56860336056807637
