# Created by Octave 6.4.0, Wed Feb 08 20:45:07 2023 GMT <unknown@tumajer>
# name: gINT_full
# type: matrix
# rows: 12
# columns: 77
 0 0 0 0 0 0 0 0 0 0 0 0 0 0 0 0 0 0 0 0 0 0 0 0 0 0 0 0 0 0 0 0 0 0 0 0 0 0 0 0 0 0 0 0 0 0 0 0 0 0 0 0 0 0 0 0 0 0 0 0 0 0 0 0 0 0 0 0 0 0 0 0 0 0 0 0 0
 0 0 0 0 0 0 0 0 0 0 0 0 0 0 0 0 0 0 0 0 0 0 0 0 0 0 0 0 0 0 0 0 0 0 0 0 0 0 0 0 0 0 0 0 0 0 0 0 0 0 0 0 0 0 0 0 0 0 0 0 0 0 0 0 0 0 0 0 0 0 0 0 0 0 0 0 0
 0 0 0 0 0 0 0 0 0 0 0 0 0 0 0 0 0 0 0 0 0 0 0 0 0 0 0 0 0 0 0 0 0 0 0 0 0 0 0 0 0 0 0 0 0 0 0 0 0 0 0 0 0 0 0 0 0 0 0 0 0 0 0 0 0 0 0 0 0 0 0 0 0 0 0 0 0
 0 0 0 0 0 0 0 0 0 0 0 0 0 0 0 0 0 0 0 0 0 0 0 0 0 0 0 0 0 0 0 0 0 0 0 0 0 0 0 0 0 0 0 0 0 0 0 0 0 0 0 0 0 0 0 0 0 0 0 0 0 0 0 0 0 0 0 0 0 0 0 0 0 0 0 0 0
 0.12751102114897378 0.072755269156945093 0.20526908721365997 0 0.14511757540467798 0.080371327790655103 0.029006487138873317 0 0.098424274258140418 0.041517625019203641 0.15486466277274627 0.14443541205284338 0.1771534644555248 0.10428463325540427 0.13923969034470582 0.10023254777285005 0 0.0075622262749779354 0.034611127369603562 0.14245382970951784 0.26455025507864666 0.0562909432369832 0.033039732385399451 0.028044610340566798 0.088940231797661695 0.02673356210576321 0 0 0.081625122213127718 0 0 0.16603154457652819 0 0.12016675149882622 0 0.14774098868587024 0.083008082205325143 0.08380076288449928 0.18210467248222204 0.21056390620340823 0.10148947042971536 0.04262273951107378 0.12070156249770848 0.010953686676778748 0.020828224059279862 0 0.16761836366254174 0.063794569427590264 0.18412831032318153 0.21750432588769636 0 0.044719659062252379 0.035017939492992929 0.11080691443322149 0 0.061774482901145844 0 0 0.22662519213609547 0.28096649279063368 0 0.2793910441014677 0 0.077196336572261784 0 0.11621092107585515 0.2030628290205149 0 0.10869606841188237 0 0.13884697243652575 0.0065082117342849851 0.12996961957409506 0.093383936262874334 0.043975156567005617 0.078638168484643084 0.089041206862894226
 0.25649318653803982 0.42861904773516302 0.25649318653803982 0.41360074553208009 0.51889064126859064 0.46172152548109963 0.43073244073014244 0.47916297512383166 0.49482423153867677 0.63838673337949903 0.25649318653803982 0.50835181402292806 0.3297970286113352 0.52294164398245768 0.59385333341186275 0.65161928807416436 0.40370387029937899 0.39865242203617418 0.25649318653803982 0.25649318653803982 0.55963112176305863 0.44913412306836487 0.50324721154894825 0.50561196453259161 0.41786771296412051 0.49376543427079317 0.49944664129311239 0.56579311974131297 0.45965535780635214 0.41983470838925019 0.45394050930410274 0.4405530638408427 0.46459042614402152 0.62392843738230297 0.59520321877268068 0.4246341328799938 0.61896628601187786 0.51690292257938186 0.25649318653803982 0.28731516749304392 0.41065446372925379 0.45704187284382219 0.49965538850809771 0.56199702101210436 0.42699763195628276 0.49579075294894981 0.25649318653803982 0.46874997330061546 0.25649318653803982 0.56825313693846735 0.49984716720591293 0.48278130320281654 0.25649318653803982 0.51399423920070864 0.53216204100672582 0.53854804391718725 0.55430593221306146 0.45393510746363602 0.54342226096681578 0.6104425724600735 0.39069327251145303 0.25649318653803982 0.40793203835722891 0.53391293484306701 0.39127098719136383 0.52097776847862109 0.59481646540871203 0.5370006033048077 0.50918387333290915 0.50992620960065227 0.45083800184539174 0.47188508623634545 0.58105543791587921 0.39863104808533956 0.56402994104206361 0.43050784747956172 0.25649318653803982
 0.71216584301270613 0.7268271725336416 0.66197961176634967 0.69275423474719278 0.69892145182024035 0.69293663742439215 0.54682044909216221 0.4087585016129085 0.70634461408120752 0.72840100387134654 0.65488758989883977 0.34865253323729839 0.82631550108465079 0.53482178637769973 0.24284965569522557 0.72325939495671343 0.51318425438529713 0.6441415939424282 0.65718389617527284 0.81339185395254465 0.62074952569856212 0.67401876814156059 0.62124794101417824 0.52992028137745384 0.68383217948253627 0.51463497447888651 0.24284965569522557 0.24284965569522557 0.64255107842918713 0.63595550301045256 0.76915905578213251 0.65373386513767007 0.69975179570904045 0.65655659572891656 0.70809314362694586 0.82856501753484613 0.56214770053466845 0.60776862744913462 0.66620885244779937 0.72769193042515734 0.64690546983258745 0.71433808646437358 0.67680838420457845 0.63615312440068406 0.33937712616365906 0.29137160293676878 0.61569722737127508 0.71950356989669695 0.74915736148864531 0.62845660781544721 0.70088553302587364 0.68128847573413043 0.51832844431252501 0.7180787658897797 0.61194650083371827 0.59445836370674876 0.24284965569522557 0.64471778268385382 0.69411502794562929 0.70131143088461934 0.66340596903311233 0.67649966105283688 0.68355262592878674 0.25904233298057694 0.24284965569522557 0.73520294733689284 0.70850970987417272 0.68045149198666688 0.73048871756610156 0.6104758901623174 0.73539157494854501 0.47482672392468744 0.68638341500447952 0.68887050841217434 0.52306843048945639 0.45352353572036269 0.67083640428478175
 0.51682419957944559 0.23586472601912895 0.51174483844090912 0.27047604701319505 0.56300398865614465 0.51000041816854347 0.51278887910739035 0.53111415550729879 0.52051870758362839 0.19935170782113121 0.47993658826578572 0.46835570154079542 0.34671408141281596 0.45250893606875148 0.4644641094322286 0.54539855698411877 0.40923188571170688 0.40492381007325845 0.19935170782113121 0.52087450390422174 0.51081955888837327 0.52173166149329264 0.53534919311708706 0.42899971436891604 0.33836519377722263 0.41086536494237763 0.48382174383773013 0.55355841348413415 0.26135878986589739 0.45620167834370251 0.54017029052517351 0.30830648857926157 0.44113571499490978 0.59503810352446718 0.48050915895505186 0.51281558656581538 0.49364054364442894 0.45662468225203773 0.47328969840745105 0.4720136355268244 0.60275393169252856 0.54034022280701044 0.38721783761020756 0.49690813433779335 0.55579753085120676 0.50649499038012713 0.46740315085660067 0.44106660505272111 0.48934225966313233 0.35211075792953467 0.549999883567313 0.49994721020235594 0.19935170782113121 0.31754830128525657 0.40845723756549979 0.52377273055193441 0.5092455131770629 0.43261122191391982 0.48130676875415146 0.48845414052014829 0.53084517245725626 0.53104363812119215 0.50061225675897625 0.49363635438951897 0.46660788721681351 0.19935170782113121 0.40168579135496746 0.42444771120007713 0.52552756084685548 0.46349827715532094 0.51830042394624898 0.48343560161755755 0.44973426135661454 0.44948905343089307 0.52508042384060949 0.53580868769944767 0.49475622841863232
