# Created by Octave 6.4.0, Wed Feb 08 21:44:34 2023 GMT <unknown@tumajer>
# name: gINT_full
# type: matrix
# rows: 12
# columns: 77
 0 0 0 0 0 0 0 0 0 0 0 0 0 0 0 0 0 0 0 0 0 0 0 0 0 0 0 0 0 0 0 0 0 0 0 0 0 0 0 0 0 0 0 0 0 0 0 0 0 0 0 0 0 0 0 0 0 0 0 0 0 0 0 0 0 0 0 0 0 0 0 0 0 0 0 0 0
 0 0 0 0 0 0 0 0 0 0 0 0 0 0 0 0 0 0 0 0 0 0 0 0 0 0 0 0 0 0 0 0 0 0 0 0 0 0 0 0 0 0 0 0 0 0 0 0 0 0 0 0 0 0 0 0 0 0 0 0 0 0 0 0 0 0 0 0 0 0 0 0 0 0 0 0 0
 0 0 0 0 0 0 0 0 0 0 0 0 0 0 0 0 0 0 0 0 0 0 0 0 0 0 0 0 0 0 0 0 0 0 0 0 0 0 0 0 0 0 0 0 0 0 0 0 0 0 0 0 0 0 0 0 0 0 0 0 0 0 0 0 0 0 0 0 0 0 0 0 0 0 0 0 0
 0 0 0 0 0 0 0 0 0 0 0 0 0 0 0 0 0 0 0 0 0 0 0 0 0 0 0 0 0 0 0 0 0 0 0 0 0 0 0 0 0 0 0 0 0 0 0 0 0 0 0 0 0 0 0 0 0 0 0 0 0 0 0 0 0 0 0 0 0 0 0 0 0 0 0 0 0
 0.11147564940580293 0 0.31690397174747331 0 0.15695006474922812 0.0071309338657254149 0 0 0.052553786506871064 0 0.1889259803624074 0.1770400973557115 0.24553485954952275 0.066770472608926573 0.1482862018187191 0.048556820792105999 0 0 0 0.14848882551456669 0.44947339933442232 0 0 0 0.027209998486645594 0 0 0 0.018686817607193002 0 0 0.21754804362931573 0 0.094047920998430429 0 0.173899897693367 0.0079198062667114148 0.017645303771251914 0.25757420452318736 0.34122434781361366 0.057628167040532891 0 0.092715952092345594 0 0 0 0.22383730616658565 0 0.27973140124666235 0.36605325945698669 0 0 0 0.095090558677341425 0 0 0 0 0.41089647026423265 0.57021541254020136 0 0.59787116537225327 0 0 0 0.13225894256398724 0.40760963802378419 0 0.12944383763691533 0 0.2471834933100733 0 0.19790051748851961 0.092381406506384683 0 0.017861591501002708 0.052918512493351298
 0.45718838833712078 0.86062119438496587 0.45718838833712078 0.83939401257091306 0.99330917868440716 0.96331239183550676 0.86631560332421642 0.99330917868440716 0.99330917868440716 0.85614972538654477 0.45718838833712078 0.99330917868440716 0.75420020482108741 0.99330917868440716 0.91929773486654343 0.83621392527156757 0.80503310953263318 0.70074936133838417 0.45718838833712078 0.53479574517725659 0.97178833235069517 0.92933470903755522 0.99330917868440716 0.99330917868440716 0.84844487322495865 0.99330917868440716 0.99330917868440716 0.96804008000355357 0.94707707860712131 0.84486743192525637 0.93252678211823625 0.90589169904861844 0.94340775591111004 0.87895895494037735 0.91832431819673421 0.84888231493022848 0.88679410399679626 0.99330917868440716 0.45718838833712078 0.57569830723619575 0.82788653707332027 0.94734186543361754 0.99330917868440716 0.97419024950167699 0.86979340465036403 0.99330917868440716 0.45718838833712078 0.95471030395848433 0.45718838833712078 0.960186527712107 0.99330917868440716 0.99330917868440716 0.45718838833712078 0.99330917868440716 0.99330917868440716 0.99330917868440716 0.98624839120427266 0.93699535328285521 0.95960701402695014 0.8950378945159575 0.77268595639707982 0.45718838833712078 0.81633773578471525 0.99330917868440716 0.77360781576234539 0.99330917868440716 0.91486669928791953 0.99330917868440716 0.92994929225552891 0.99330917868440716 0.93294395230893867 0.97400390450571162 0.94080170495863358 0.78224132506419586 0.96775033715905201 0.872792814213176 0.45718838833712078
 0.54991514405513475 0.61926865533175812 0.71801809107275816 0.67564362609876805 0.66605078397882922 0.6798246745937836 0.84466485014729364 0.51843557692286291 0.65451011306108242 0.61614455884319774 0.70462659047331822 0.74702572236551368 0.47171658963805502 0.65985896441514058 0.43286161939176265 0.62464768945771088 0.84601290626546855 0.75021981987728881 0.55237949428607735 0.49257501861629949 0.78630946695429904 0.70054992569740115 0.78109992012492224 0.6095517854387329 0.69556730493393126 0.92826471229323726 0.43286161939176265 0.43286161939176265 0.74480953451361942 0.75970525523938459 0.56190119596251253 0.72819366859014745 0.66299356249381991 0.48915284728138647 0.65523396494048314 0.47214710700615653 0.60017629346927226 0.79863264531261124 0.61827359187542774 0.62576883354767698 0.74401009328101531 0.64137408382772931 0.7032274360411277 0.75101775197790099 0.63000282402421659 0.70143155812921643 0.7307434296670503 0.63383470703061873 0.39219658033702026 0.77217373408457368 0.66675460420349553 0.69658990848128766 0.93991187829325862 0.63146036362720881 0.66182180183067629 0.58609166031284721 0.43286161939176265 0.74795095470154871 0.67290252213574053 0.65724901511392542 0.67786314987937391 0.70435768521300279 0.68905595887992355 0.56988846657546943 0.56531327785912211 0.60601434888755512 0.65120736236897081 0.69402176783994207 0.61782498232135863 0.70066409445891753 0.61500587105190563 0.71710533654434783 0.68530114958623056 0.67734556176894922 0.59513610706992792 0.7958737280848236 0.68601651556238974
 0.62804676677200544 0.60354390841980021 0.6357678860717394 0.55392523877837907 0.55781223731388829 0.63855709361261936 0.63047499201800783 0.60660564748831547 0.59262168578263918 0.35530738945542428 0.68453165889514855 0.69024888434789322 0.57837675601474436 0.72224975775422928 0.7041346411482553 0.58520561327183451 0.77195768791097408 0.77195768791097408 0.35530738945542428 0.62646374819881001 0.63775877941020565 0.61287235521462025 0.60060232155620508 0.75801084733238011 0.73669390942432333 0.77195768791097408 0.67894991530252236 0.57309881121382378 0.54829591696102997 0.6339823496396908 0.53282239177992174 0.61166105082766387 0.74371909672860947 0.51422580242719151 0.68800993736566463 0.63124518167501231 0.66035050991430821 0.7244305504288594 0.69527841120997569 0.6896513105724722 0.49882492484033192 0.59746466914201535 0.77195768791097408 0.65600276973058569 0.56654775705322657 0.64157591877938058 0.70110734081065773 0.74120234507631311 0.66414035511487601 0.65974757479760715 0.57578332031765511 0.61194322868706041 0.38628437303694568 0.62247028196194853 0.77195768791097408 0.61578569791049131 0.63794656012561213 0.75478942019011919 0.68037695408111665 0.66969424139518685 0.60497946897537302 0.60811881619486996 0.65115474385878891 0.65843073822657783 0.70303268683189335 0.35530738945542428 0.77195768791097408 0.7677881268743727 0.6165366721168517 0.70788242804285151 0.62765119387612167 0.67716036344827124 0.59434236533792584 0.72959041855583229 0.61701148160694708 0.59671459364467039 0.65660434503781195
 0.3202378982955198 0.21896087146009297 0.31988325480296598 0.34740677328869946 0.41616705073691102 0.25385658530750854 0.50806831137210917 0.19048300974595361 0.4488320552134108 0.34795367933044513 0.18412081587905196 0.32334757747005094 0.31133017217987025 0.25385658530750854 0.31933454401985023 0.2188412485673423 0.17436507688047345 0.25385658530750854 0.26755082943186442 0.44943851238635429 0.31958480485676438 0.49932584628079174 0.29587378481513543 0.11524985665512918 0.25738626766862621 0.22061488021985462 0.2763777338149741 0.25385658530750854 0.53017485659187102 0.09379017979462051 0.23919544048574956 0.41539512575319448 0.24165616848354554 0.26196999150646783 0.16673013429923508 0.42395494135908424 0.22221746319537097 0.18611792762985299 0.055346630137608335 0.24837242220752515 0.12818109966607921 0.50036355764244378 0.32935829308463238 0.25385658530750854 0.21586559405415454 0.42785802996185912 0.12393825271392377 0.37896715759329352 0.22362909821195523 0.38226728911001445 0.20176555931088394 0.22445060282961943 0.34930381709732117 0.18916854587833312 0.32218390179135409 0.18328084668624658 0.31460674835552976 0.31703305118377628 0.25385658530750854 0.42110258243528614 0.22412857337904829 0.34106194176883181 0.3600626453570836 0.49603129332011531 0.25169978981525043 0.35303521449101866 0.25385658530750854 0.20233859757163888 0.30186325979389306 0.28512274316253117 0.25385658530750854 0.33195435287268943 0.35615398779982416 0.23594380836000028 0.21701477665206351 0.40055814437151083 0.27960200324076984
 0 0 0 0 0 0 0 0 0 0 0 0 0 0 0 0 0 0 0 0 0 0 0 0 0 0 0 0 0 0 0 0 0 0 0 0 0 0 0 0 0 0 0 0 0 0 0 0 0 0 0 0 0 0 0 0 0 0 0 0 0 0 0 0 0 0 0 0 0 0 0 0 0 0 0 0 0
