# Created by Octave 6.4.0, Wed Feb 08 14:22:22 2023 GMT <unknown@tumajer>
# name: gINT_full
# type: matrix
# rows: 12
# columns: 77
 0 0 0 0 0 0 0 0 0 0 0 0 0 0 0 0 0 0 0 0 0 0 0 0 0 0 0 0 0 0 0 0 0 0 0 0 0 0 0 0 0 0 0 0 0 0 0 0 0 0 0 0 0 0 0 0 0 0 0 0 0 0 0 0 0 0 0 0 0 0 0 0 0 0 0 0 0
 0 0 0 0 0 0 0 0 0 0 0 0 0 0 0 0 0 0 0 0 0 0 0 0 0 0 0 0 0 0 0 0 0 0 0 0 0 0 0 0 0 0 0 0 0 0 0 0 0 0 0 0 0 0 0 0 0 0 0 0 0 0 0 0 0 0 0 0 0 0 0 0 0 0 0 0 0
 0 0 0 0 0 0 0 0 0 0 0 0 0 0 0 0 0 0 0 0 0 0 0 0 0 0 0 0 0 0 0 0 0 0 0 0 0 0 0 0 0 0 0 0 0 0 0 0 0 0 0 0 0 0 0 0 0 0 0 0 0 0 0 0 0 0 0 0 0 0 0 0 0 0 0 0 0
 0 0 0 0 0 0 0 0 0 0 0 0 0 0 0 0 0 0 0 0 0 0 0 0 0 0 0 0 0 0 0 0 0 0 0 0 0 0 0 0 0 0 0 0 0 0 0 0 0 0 0 0 0 0 0 0 0 0 0 0 0 0 0 0 0 0 0 0 0 0 0 0 0 0 0 0 0
 0.13128050215145765 0.076902494824037881 0.2627593513746001 0 0.20015651146779137 0.073502729020862953 0 0 0.10451059371935492 0.023440096769837975 0.19532667007449409 0.19904135093581971 0.20354616696626798 0.11316645218507877 0.14127519233657365 0.11409679624749927 0 0 0 0.17407258499356218 0.3655491597682145 0.029215884624700018 0.016485692822179286 0 0.091603783105797851 0 0 0 0.09036230711551993 0 0 0.19872204555910894 0 0.1110658153146173 0 0.18984659341132995 0.073595389121231661 0.093146627224225495 0.25424007262114939 0.25161536573422627 0.11489591321759332 0.022545160269737845 0.14372551996346336 0 0 0 0.19874536612410118 0.037832905514043537 0.23434819456508932 0.28049241853969853 0 0.030772759554898055 0.030066053776262331 0.10869710296263024 0 0.035014711532204097 0 0 0.29706532335752694 0.37886437925151151 0 0.36434800870521755 0 0.074797231262924702 0 0.11379735749354947 0.2522069765190203 0 0.096954077657987456 0 0.16922450673311615 0 0.14715882503549813 0.098490135214600288 0.037740518403222852 0.074475840595424392 0.0877406976532
 0.28365822335855745 0.63460989850249527 0.28365822335855745 0.60694453846909324 0.75272907408879763 0.66077850149782713 0.60777872508674757 0.68657122657545 0.69113025943869733 0.9219571303325611 0.28365822335855745 0.6869393477526673 0.37638021441549868 0.76392399727643268 0.84788564389761323 0.96087317757078039 0.58085111119448984 0.46964994235229163 0.28365822335855745 0.28824645759336015 0.80003593382639537 0.64443522636078787 0.74129629325756585 0.74954599291319024 0.59609781953645713 0.72228599948026473 0.72539407490470298 0.8212386119718138 0.6688188375183991 0.59453978106821448 0.66591140629858125 0.63568970775805345 0.65831851015383236 0.90185075510196711 0.85286939457679622 0.64093619644386823 0.90833805455477123 0.56753523303957265 0.28365822335855745 0.38277473321720162 0.5762192460442207 0.59332794508997988 0.46199559166667958 0.81207360004810958 0.62066046055693758 0.68700460393708951 0.28365822335855745 0.67920230483874366 0.28365822335855745 0.7976613035948904 0.72603779034167204 0.71889075924369683 0.28365822335855745 0.73379815704193541 0.77512797496841201 0.79889424687058275 0.80902640890326827 0.66130979373972976 0.60885440403271163 0.86032893509213004 0.53773757426970603 0.28365822335855745 0.57774252481966581 0.7699887347719413 0.53898217252983649 0.6164771841319262 0.82277464191086247 0.76847291988205524 0.5575073888665375 0.73573061694102149 0.64743069392989017 0.6845147992370102 0.80800588418482677 0.56829908004191243 0.81798073135039295 0.61632416917417443 0.28365822335855745
 0.9409206700544005 0.9409206700544005 0.9409206700544005 0.9409206700544005 0.83372650730874509 0.9409206700544005 0.62283919989583403 0.41644782093861482 0.93618156231032978 0.9409206700544005 0.9409206700544005 0.3393924459772002 0.9409206700544005 0.58988301957253164 0.26868283021684042 0.9409206700544005 0.53268554011061253 0.93783821462481909 0.87276897331269387 0.41470148708252769 0.83548872770539073 0.9409206700544005 0.75201451098693961 0.37902003580639521 0.9409206700544005 0.54841239061304559 0.26868283021684042 0.26868283021684042 0.9005591992985239 0.86465771919050127 0.77274873182382153 0.86855669652492129 0.9409206700544005 0.75099015487035214 0.86402982622453217 0.9409206700544005 0.64510639206661358 0.87708672445467717 0.9409206700544005 0.9409206700544005 0.78943779311666618 0.9409206700544005 0.9409206700544005 0.93359601946030168 0.30733886455182957 0.26868283021684042 0.88915118432815932 0.9409206700544005 0.52979653276576022 0.92252801080553815 0.9409206700544005 0.90395088858453054 0.73213533449050017 0.9409206700544005 0.44057075553267888 0.61204309739067653 0.26868283021684042 0.89997080114670336 0.93227775453847073 0.82088328143501055 0.7463038802146843 0.9409206700544005 0.76386941008185028 0.32630330655093498 0.26868283021684042 0.9409206700544005 0.9409206700544005 0.86969194796297011 0.9409206700544005 0.61854741037347571 0.9409206700544005 0.49625698064274187 0.9409206700544005 0.9409206700544005 0.58540283180115771 0.39215943214321131 0.9409206700544005
 0.74575272278168836 0.22088437536422093 0.73809681230961044 0.23793454358420418 0.74937144906696729 0.73573254086176831 0.73276312692594359 0.7735316555379349 0.51733056953829804 0.22088437536422093 0.687383304886098 0.67405956567080683 0.39742536978957982 0.64991907363402746 0.6604599199602128 0.58005965735228937 0.58832931882855155 0.5583689839494389 0.22088437536422093 0.74737713268788131 0.73997822030853377 0.49302477012019386 0.7735316555379349 0.60752058826038446 0.33076179872507483 0.58401036656458327 0.69210500899254002 0.7735316555379349 0.29595808465211865 0.55563757935436386 0.72110399423324956 0.26705301289996441 0.45645827079944473 0.76385905474898197 0.65975928108673443 0.74106416117799256 0.71555171136588624 0.44234121702692403 0.68838405220491905 0.49187546487191142 0.7735316555379349 0.65194814246069865 0.51390449749850053 0.72086857340161981 0.7735316555379349 0.72771492330708465 0.47476222213147246 0.617578035796299 0.57273131674922673 0.32989122959855938 0.7735316555379349 0.46454629502949907 0.22088437536422093 0.2292569726038392 0.58135232973346196 0.76086247224391768 0.7314377256526039 0.61465504720130304 0.69615895615128442 0.70338530570248037 0.70902055399659414 0.75411578070414953 0.73237194427927321 0.70750678479340734 0.66646130317287622 0.22088437536422093 0.57119584805964885 0.47235137283844769 0.75239923396833341 0.66534625139378545 0.74814110225249297 0.6992680455021546 0.46751583130581048 0.64348849865634139 0.75944312506969169 0.77150443359663612 0.71573736302803892
 0.18912313687518356 0.18178826251279454 0.18029349682085941 0.24717924096336918 0.22319147207086745 0.15823853862378626 0.34901757809671757 0.16009866378508755 0.30919792427944465 0.24673052790513092 0.15340814828365004 0.21540330949272488 0.23062762455568273 0.15823853862378626 0.1989088679527177 0.15823853862378626 0.13560549739667155 0.15823853862378626 0.19851469646436318 0.31566520592639402 0.16369027689362212 0.35516377989471193 0.15851610511143349 0.10691658792635537 0.19407692380108549 0.17210103618775185 0.1950659281429763 0.15823853862378626 0.46799269658954434 0.099116366400268024 0.17771418924132767 0.30183545219168301 0.18798399241367819 0.1884652532318839 0.13501857579787979 0.2497870604596833 0.16588680279316956 0.14515195050400481 0.067497532080983344 0.1915415959899584 0.10837176480604778 0.33312280897931568 0.23983242114243231 0.15823853862378626 0.16314164793232502 0.30041686173324189 0.10526746032574361 0.26934926523263736 0.15823853862378626 0.28421924566769424 0.15823853862378626 0.1670475678304634 0.25269254584074202 0.15456788533121485 0.15823853862378626 0.15253433743713518 0.23229066241252205 0.18121262978257008 0.15823853862378626 0.19985809867831961 0.17444347666454454 0.24453646934087309 0.26195004798256893 0.33047604361054539 0.19939688621545423 0.24834404015685188 0.15823853862378626 0.16770084125843049 0.22183523641382127 0.21322637265611499 0.15823853862378626 0.24113767346047046 0.24736448449128692 0.18201753204324503 0.15823853862378626 0.28158480886799225 0.21381579689857821
